19630
48419
44630
10637
30497
49373
38963
47550
5349
49513
1119
38580
21308
45081
19273
15767
38635
44430
44961
39138
32884
12149
19041
12252
42945
32316
1227
5210
12911
48318
3548
24750
2512
22194
38847
48560
32173
35354
32683
47320
36634
10893
30116
8044
2950
11029
40652
17838
21231
36018
24745
34831
41702
32058
47068
28919
43909
47912
33700
47849
19082
27724
2365
23035
49517
13206
26743
44470
46934
46740
8524
17233
47042
21997
23602
10148
5130
39606
39723
7409
28305
5441
33943
12178
1598
24325
35373
34270
9697
3665
49497
3713
31144
48001
27211
23004
41546
19371
2962
25362
605
6221
8853
49004
43992
2578
16214
33732
24101
21721
12659
3478
27981
25696
29666
11224
31048
37978
42678
32070
48663
45656
8392
41682
22317
35633
19541
36148
21243
42796
24859
44884
27931
906
47458
25787
31023
48187
10804
4869
27338
38341
29151
29104
49761
22997
40321
1757
48209
4925
1701
30426
20694
37704
24605
48424
49169
26164
14441
29977
15153
25605
21761
24695
31087
8578
2233
46749
10689
25419
41068
18315
22190
19662
26879
15436
35934
7991
8359
49107
26341
27444
18508
36201
13710
6503
17948
46689
37191
22276
18578
9868
2773
43548
15661
25792
47140
15003
22991
28003
7095
28408
48212
10577
34855
24113
42572
22308
38238
28515
34454
23999
34746
46680
33895
2946
34109
12634
16391
407
39223
41880
35858
45615
18298
2642
37728
42597
23866
44618
28052
18745
5530
48145
23786
9801
20169
3721
2882
42083
16297
35546
4080
39521
9860
13937
41300
24679
19682
1593
43125
44074
34131
4373
9289
28068
10243
20790
39213
4957
29039
18200
9966
43947
9718
13880
19728
22608
10487
614
40143
46872
33160
4155
22320
20434
22146
43324
42644
35059
4229
38849
26430
213
4516
10338
3859
10151
4141
5557
39670
2680
7183
42309
41234
40343
25816
12749
25763
5803
28930
32056
32283
48013
25004
29732
21825
15678
27026
35446
10064
10394
45358
348
31471
46585
14488
3549
30744
38003
49420
44461
31481
3582
35665
4353
30667
40747
25789
34780
34607
1434
20205
17976
43996
22257
48246
5775
35209
35282
10617
2342
26693
30837
45621
21564
9895
38222
10024
43639
31015
8882
26040
46344
43740
8437
48096
417
38921
11643
19386
32232
3674
43303
7612
46367
8147
30971
14534
1913
28080
9890
2035
9385
39601
23522
47418
24661
7434
2967
46338
42010
43483
19634
8759
45313
8199
45242
4941
44975
26565
46362
14654
6260
19942
14591
20568
37517
32617
20816
29905
49283
32366
28655
45425
34269
7288
30463
41133
19526
33859
13301
34069
46427
47453
42352
39818
13002
32811
12523
13505
8191
40987
39805
42392
36238
48075
15469
11580
22001
16338
12299
47989
42260
25625
19292
44080
24121
33897
48962
47863
47900
21985
17843
24986
1973
22054
39404
31107
16543
14247
46598
29330
19765
26315
39737
12123
34278
39405
49234
16938
38482
47532
45455
2328
39622
6434
32736
4099
38420
18932
19490
6191
17802
20937
20056
15710
21238
11679
15557
3183
21020
14055
4013
25534
15275
34675
7796
7390
9938
7915
21706
23832
3078
29143
37092
47519
27607
427
2466
27419
27143
35757
30814
39964
6851
17268
47955
40220
31747
10531
44499
26065
10035
22479
6736
35440
9524
35914
43207
20761
8232
43214
30374
29966
36907
24110
21870
9080
27794
46238
43932
43068
9565
40537
41733
28821
5247
24010
46259
15100
12538
14849
30104
37264
10359
9179
45642
11920
49136
34416
45291
24441
15528
37506
39724
25405
14524
6122
9088
15014
45210
44433
47109
31831
29288
8547
21877
22227
31138
4764
11614
3781
39353
41463
22270
20494
42188
28938
27262
33085
36715
44308
28858
9494
12685
22212
48515
8529
9535
46127
15394
15670
46328
34163
31761
10790
48639
49795
12295
32502
15988
44526
14092
14836
16638
20742
30024
23921
2569
36473
33327
31122
25731
45099
47704
25165
40972
43356
24338
39825
2570
49409
15756
126
9095
19446
40394
14339
42916
37755
16331
15966
43372
17384
3230
41138
36379
9459
46237
23127
12773
11543
38347
7640
4528
2180
29314
19382
41550
6831
41026
44138
1541
27953
26404
26877
28196
11427
7018
49392
2849
6969
28192
16855
5635
16428
35810
18134
39911
25718
9251
3836
33532
16471
13317
31783
40936
38858
6074
44019
34571
17106
40178
24678
2005
38167
37505
32847
14964
37365
3233
21149
29874
30120
36672
43369
29469
49066
32886
18415
137
17135
21245
30039
12114
37698
43728
16083
13207
17169
1790
14110
33112
41368
13968
2318
11776
9322
49886
36215
40258
15389
5261
1799
33059
36703
25926
33399
2795
4560
19783
33063
3414
40484
2259
17984
19971
8094
31604
38946
15770
13713
27268
9809
28362
10393
48845
4609
23709
22500
38211
40149
20731
45768
27636
28274
25872
8058
5076
35691
7707
48655
206
8900
2582
7740
1548
41307
3131
39674
4797
41807
27130
16549
39234
27994
39352
28798
2862
31079
24680
49716
32135
7579
23933
15315
33870
9658
41654
31657
44725
27371
43954
32994
14445
31300
45194
15306
29552
33677
35596
18275
35957
38801
28108
21725
13639
41145
49536
31411
39478
3301
12423
13761
1850
37645
7336
7807
26034
19039
48994
4378
3662
36339
37594
27121
30229
108
5717
15568
32430
8340
27517
46478
25282
8798
36355
6445
16739
19258
3692
12338
11511
47826
963
9002
18322
23217
16660
17571
45864
41890
34102
40966
49357
25928
43513
14946
37686
14192
6323
3210
9033
48779
1929
8092
15895
20556
6836
8726
37503
32419
17774
8706
39312
28164
32763
49268
36070
8865
23588
48493
35882
30855
16357
9341
43873
689
37403
24392
6126
27744
28173
15289
39237
5660
45042
29779
34363
5294
49549
42120
17117
20048
28593
4888
27239
18888
34981
35645
6685
20112
17373
26265
13321
16441
17419
37361
43545
34050
30025
15200
33286
39185
33108
37855
48002
2744
23632
1500
14739
7696
2230
12148
23905
40860
42168
4776
38049
3164
15565
16472
22307
39847
35111
2894
28057
37781
15695
23188
11500
8195
35936
24399
33442
35887
6156
16327
12380
39499
22974
30542
30396
13033
35022
25326
37343
38219
42746
44177
17769
29403
23289
23041
2346
30454
29374
24195
19384
42172
829
1180
10608
43134
12043
43569
1745
13397
3848
121
16232
37549
28934
29645
2759
39728
14761
19158
1084
22376
35107
27499
3982
49282
44491
7542
36340
25296
21102
19888
40348
33977
20990
27580
3390
34885
2870
13362
45997
19899
11003
33503
41299
27476
44995
10833
22603
1409
13557
3455
1438
39339
4719
37129
42271
49179
41860
33632
30258
42098
13682
23742
14601
5862
11286
44544
8112
33205
28667
35940
36639
22535
20570
36469
22845
43082
12533
47133
25528
11288
42427
2902
33481
18375
37009
22035
2467
25665
46874
48735
44774
9290
39514
9952
22639
21577
8169
35320
6019
30287
2678
41802
39466
36173
15584
28158
14426
31177
32167
25646
3769
21859
2907
25695
25830
31821
45303
22781
2784
33881
20055
33550
6327
40112
18296
15922
6341
42775
9215
9802
502
22803
5537
35010
39051
37277
21590
23395
44495
45660
3583
14012
18882
39412
13487
11630
12070
14206
37684
32310
778
11455
31773
4220
14364
14120
25268
15124
10512
11873
42588
12250
43478
17122
31058
8528
35168
31621
14473
2093
22728
8314
10591
9203
11730
23950
10155
31223
28705
49297
6097
673
30254
11467
38592
19734
5111
28890
39273
8237
25427
38063
1768
28114
35841
33137
37397
43747
43763
24885
35837
43469
36727
31231
15944
48482
24019
14308
24496
13486
25743
21446
16080
10480
4113
49290
4426
9175
46798
1160
12750
9912
33267
46697
30737
43257
22302
7498
38093
44408
47797
36418
26372
11736
48507
49299
17658
26116
37510
41738
46354
30668
25726
48540
29113
49336
27876
27658
23239
24092
21873
14794
9944
49443
41330
17909
27628
20196
22868
35836
21672
37217
10492
39300
27108
43735
14234
43500
42845
36431
4349
5859
34439
35040
45249
23553
5006
19246
31380
31544
17074
6319
29950
42354
17413
4630
45152
40737
9485
35472
32098
46149
29442
1048
24337
30490
41658
30389
32881
36216
30574
8370
48007
40839
11727
26126
17821
9
30386
5430
17
11271
6742
16946
25947
35899
22916
15953
2443
2376
44267
25447
43877
36643
29654
17300
36422
27441
47998
9792
41992
31050
18286
39135
11234
24871
45471
15383
9429
14064
49170
6981
35459
2353
28556
31440
702
40365
14942
38956
22244
11307
32021
16538
42131
35557
48112
24106
35994
23250
7839
6902
5445
36440
25971
5539
857
26210
39461
34806
7615
26859
34510
47915
18373
26087
16411
32264
7234
4388
42647
2197
41945
43072
19514
47131
7049
14574
18887
38634
44313
32596
23065
27826
37475
43497
18408
16427
47044
24147
27742
48285
10753
47848
43737
29692
28824
25541
48028
43318
16536
36812
5023
35595
25277
15778
40670
17505
14962
8319
37548
9700
41351
32686
17144
25561
15181
3201
26482
41116
20117
31584
4799
19276
33092
29979
32054
18157
14368
23094
20330
28034
21351
4435
27559
9020
16814
17836
24666
36477
14014
46425
13601
20007
39689
17449
29768
49934
18889
14232
43716
32443
49143
44354
34997
49083
14321
24490
36489
30754
4697
6567
44110
37562
1554
47666
14269
21749
42766
34593
40826
17930
32052
41323
39919
28058
33511
39751
14491
9291
34545
27432
11568
47963
25986
8722
28331
43490
11739
44323
12190
36781
30774
40611
3552
28149
16502
7566
45467
48722
24571
23348
44513
33894
23584
969
34886
46037
28488
34865
39375
30318
46568
14703
20269
23986
15313
46290
31698
8908
26183
45631
13064
25882
39972
13976
44481
32449
38292
15877
33717
45479
47410
29855
8656
4558
49770
39641
16366
13393
41601
13533
9656
8133
45439
44191
9421
31907
45897
42479
25570
32695
5541
39423
22453
25504
18679
21070
17124
8947
39187
30452
35770
11809
21250
30219
15156
21501
46886
42056
16243
18119
20121
20872
28157
27766
8680
7997
10960
6883
18348
27064
26462
11389
13328
3615
40400
21851
41944
10770
30573
36414
35272
41545
46468
47138
35229
35398
20760
44802
22049
48063
31940
12366
3927
2606
13793
35479
91
17211
10694
41202
16908
30501
20964
3465
45311
45786
29202
16503
9724
13212
17791
5931
39588
34776
23545
12309
9638
44283
27629
49318
13464
21161
11125
6911
6344
11279
7676
572
6562
42285
32005
37234
45071
36156
21454
14535
162
5624
22964
33688
14164
543
2576
27614
42225
27105
29582
8338
3527
31796
966
43575
36327
27023
18363
35997
36965
19340
484
28271
17594
18734
13145
33719
32095
7743
32303
26048
46531
9502
44450
48781
19882
23671
7818
1923
33073
2085
47909
27812
18279
15990
37075
46245
41642
21642
49027
31153
17039
42526
47735
34680
25435
4985
14644
36937
40840
43228
8137
23187
47374
12179
35791
42315
10282
25436
42544
14000
18450
30020
42904
24236
10015
5894
40794
5451
39202
20157
33657
1640
959
1817
38730
414
4527
41482
39221
1169
3761
28226
24369
25113
38668
40167
24778
25142
10834
25458
45767
7059
33068
3509
9364
15587
19406
6603
32029
43239
41500
11401
13785
6560
24799
41766
41659
505
40553
5462
29613
40827
6863
34247
27409
45616
32007
35397
38070
28165
49055
2235
26830
25232
39302
21041
38714
20948
16806
29172
7903
21341
39162
34174
38972
16505
27630
48945
4614
19532
47571
3816
32818
19704
31579
14882
26434
7957
14690
40962
36945
20815
35135
34227
45894
46940
27888
30857
35077
3189
29827
32268
29738
32026
22210
42903
18008
11254
18602
16020
49586
2419
33529
8473
49402
32757
39125
39067
30915
41086
41097
45510
35242
16244
38794
32285
4561
45598
13469
1739
15744
46011
7896
11250
32391
41788
9568
10006
8490
48505
17570
23968
44780
10485
34298
35474
11982
13134
17634
40660
26047
36167
41836
2238
20659
44834
1451
48143
28146
26145
45002
17556
9937
22972
16173
16889
31866
19885
18115
27468
18669
7382
27428
24925
17671
44061
45605
32542
149
41382
24524
19569
11983
22642
47623
5676
20374
28191
16587
23755
12810
28228
17686
16241
45400
9618
37089
34737
20435
4317
43460
32288
21659
47079
23511
16264
36873
16636
25672
28600
7062
8772
34255
32571
28255
48407
19452
20412
10154
49740
46779
10023
1910
14359
26555
28186
48985
14090
18290
27106
3750
9370
26129
49699
44172
5442
33140
27479
45263
23779
1630
39768
36096
35641
14022
39467
66
9872
14134
30282
39177
22646
31277
41987
16105
37677
30707
29539
29983
930
44370
27221
39173
45867
40550
43567
36915
876
38661
5946
25114
15168
19112
43299
14362
14469
21251
25871
6251
29657
43928
398
18099
27429
1269
4158
30958
13832
8777
41480
37317
29006
39923
853
37900
35842
45245
6815
9445
7755
7241
17495
8954
23902
7103
27918
2457
18189
4127
36235
3174
10760
42317
18463
27401
36810
25732
27094
1344
16578
44312
1460
18626
48050
35906
11155
29020
42989
43129
33891
38859
11723
25702
23967
6577
19938
14184
44931
27950
36121
32364
20495
43056
44268
26836
24826
28217
28754
14792
25171
30931
6105
15915
32015
25720
48673
37568
33454
42274
35547
18598
8662
29271
762
49267
30235
36308
4627
37768
43816
49324
21502
40887
44227
43209
40561
25333
7364
6088
39973
36487
32824
14119
17591
22412
11463
46201
47229
22387
70
15370
17332
20185
37527
46489
10482
24650
30482
16580
42813
8691
157
27348
36206
25610
40405
49070
3746
26889
24947
15408
37885
47911
46436
40957
26255
42946
39225
28677
20460
5458
17501
45545
3040
30140
44325
6155
28952
729
15475
3187
39018
13517
27445
8051
14748
47620
20279
39282
42177
44403
5265
1093
44979
19491
12144
46903
24340
46069
21258
29077
29032
47489
31200
12716
37484
35410
33467
4874
38240
33313
1998
22775
34659
25854
30279
814
15575
8223
33645
3653
32862
34931
21286
6519
35867
3547
22671
30543
15861
35471
28995
34112
1873
19925
48992
29660
42089
19819
31716
30684
29577
24489
13604
19459
27
20899
13392
40044
22434
16896
11790
46853
39066
43790
48011
36453
14221
33455
21810
31592
47029
32576
7870
17868
31243
9178
47103
30098
22103
31292
46112
35944
13151
28726
42798
6333
24326
27140
49327
23712
16823
16748
32944
18347
18575
43221
19863
30994
48240
22469
37101
21046
10424
9649
42518
46918
1786
47496
34111
2730
45125
47884
26349
29712
10945
43395
11376
21977
14929
38954
31875
22305
43249
20416
13829
39603
7105
16798
29558
1136
46482
40272
4968
46006
34839
35748
10221
32554
26560
33962
25603
47954
33154
6530
38272
16852
5993
21610
36104
10104
22650
44853
5751
19993
48330
44532
28982
23668
21128
27141
33682
4074
6259
47065
173
12593
16976
19191
9190
17388
29554
14663
44112
7266
14627
32795
41646
37541
2064
8948
27269
17921
31641
34252
18971
3837
7454
5729
46165
25707
17079
15798
36769
15898
29242
6058
40069
41232
13142
20087
19209
39967
23665
33435
5098
19635
25555
29491
5837
14850
13644
2246
37099
9586
20084
9383
14961
11513
45705
26735
18230
45952
35155
2120
25026
7620
36120
21278
41499
37946
10668
33552
47225
49577
13685
19274
43543
22834
8373
38627
33737
2294
49334
31977
9899
19965
44848
34634
13101
7020
6107
38659
2411
13939
18944
26120
49747
26725
38372
37426
23579
6118
8651
29253
48575
46850
4907
1596
29223
25526
2866
5361
14293
20830
9530
2203
22786
38336
532
34362
31430
3976
20240
27856
12374
44600
28606
16398
5308
25913
47484
24204
44573
31071
12339
31812
20609
6554
47961
17105
39954
41528
7084
31794
24783
5636
42906
44611
25473
19823
15531
17724
42291
47624
32082
37822
23499
11412
12171
46073
209
19308
13692
41309
36903
30481
33759
48525
32515
35745
41870
45944
24354
33044
43481
31142
24497
6273
49512
25500
8446
6406
31455
49966
34539
20887
37865
23934
7675
18494
36947
46535
49996
39357
12874
8611
47878
31099
40466
16945
35637
24143
47888
23366
23563
5796
10961
48565
15038
3435
3369
39000
33543
42447
31753
30682
35001
1063
12222
347
30816
33541
36687
8309
19641
14133
14024
30512
9029
46539
28621
28222
1956
24992
29550
3926
48142
22550
39997
26461
224
16409
30982
2898
20263
620
6551
20008
25985
47627
38757
5429
39007
32534
619
30812
1453
24397
36816
45534
10920
32868
19926
12122
35435
40797
7524
9245
19877
1403
19870
26085
25321
36396
45140
3710
33690
18103
5964
27602
8891
38786
19559
31257
13804
13603
29217
30494
45585
26793
7993
14236
36079
6741
27688
28503
18050
7335
10311
38318
45350
24646
37831
42510
23479
40952
7866
32454
5176
15272
8194
5763
20238
25569
16106
13756
13589
46835
42873
8734
12379
15634
27872
26054
18924
6035
13776
32689
836
19731
22767
24950
3775
30469
36984
30202
26748
43862
24431
27229
46995
35951
46334
7860
27379
15497
20927
47464
39315
46271
36462
24701
15787
29889
8436
38843
9303
41641
40617
14621
27474
11823
3991
4875
22100
228
18816
24635
30138
20930
14257
49307
36232
10183
11792
42660
29749
48841
43864
42067
17326
25059
25990
34652
6473
33967
18615
46791
9877
20548
46418
8612
10938
42015
1248
39808
35817
20814
25966
22860
16760
23087
32616
6213
1318
9457
34765
6962
43022
11508
49296
12735
41297
36880
19275
22081
26431
34874
4488
32126
19189
30813
41293
45366
22087
22889
20535
12445
28565
1360
17748
13753
10019
17283
49804
5912
33990
655
36147
33411
42567
38572
19230
7252
26355
41203
20775
41981
28203
2100
17035
47979
45796
49394
48659
36348
49289
38475
1766
40640
37735
27680
13291
27362
6925
28482
1948
20177
35614
43426
35848
30626
48723
7754
2369
47283
44825
20501
11406
43114
7486
23606
36285
23691
36525
39874
6721
41921
22678
23988
4433
28916
34918
22501
18124
27774
12690
19391
38729
16464
45506
30150
5269
1273
1890
45343
39797
49038
34559
22846
47590
32152
49377
30419
22115
29733
37118
48357
4399
41949
34438
40893
8078
14910
47924
20099
12479
25349
28211
5325
15551
23098
42500
32287
20998
28369
26133
17569
551
41095
1543
49198
36815
7285
25592
48464
24940
35164
8859
10598
47406
10106
27952
8976
14333
10496
47748
15459
45394
15282
37520
39667
24708
16870
44505
25711
48382
24856
28524
28578
47099
43706
15850
30255
29323
10333
23290
22526
15366
33981
49183
29166
37836
37459
7939
6715
1197
34876
35815
36932
49731
42936
36278
28868
23753
37930
29035
2553
20748
12994
9789
4247
7023
4059
23037
30199
43270
37724
48177
25804
382
43
16550
25107
47417
37037
24621
46025
30409
18804
49341
25948
32282
28969
16224
40340
19235
40930
17202
10529
5579
21371
37266
24052
10734
41473
38415
10162
34226
30549
38104
23600
19192
3835
39494
7402
21082
6216
19361
30319
1900
36190
10779
31265
4264
8996
40539
34900
26866
2716
49047
25283
9829
1089
49745
22130
48420
28923
22327
20062
7725
45725
28951
42095
48486
5821
38653
20699
45230
6326
43792
36144
7325
191
25102
26067
26887
25413
32638
49037
11108
24508
29619
22554
49939
20191
43193
37222
9072
12744
41693
28721
46412
19973
30092
48586
6998
46368
29018
16788
24612
15194
12677
7016
43079
45929
41437
31738
44086
49814
9422
49071
4671
16652
45409
40106
33775
28328
29486
19263
46792
32414
6235
33046
30340
16005
17643
38550
16175
37
30053
29937
3606
5200
27672
8751
16881
42816
37896
15355
21814
47887
26107
44958
29211
28198
34440
35631
41784
48923
32673
15070
30348
20903
44457
31967
40390
23892
1582
5996
35922
44424
44559
8306
8036
9186
30195
39835
20846
48579
22120
17374
46064
7885
38890
47835
39247
44338
23402
47041
1835
746
15270
34518
29614
36364
47285
12463
25466
42887
23364
30184
15999
13482
21394
12
40853
33341
7353
5854
49774
14757
31472
26345
18227
31982
3151
3348
21051
19599
3844
26983
47087
44386
8744
6239
23140
27172
17364
38286
8619
38225
21902
6335
16114
3343
12942
17549
43884
49293
43051
32185
5976
8343
2493
31263
35689
2151
22207
38611
18144
11742
29305
36034
26490
37228
22319
42034
29671
32932
31777
4331
32395
37211
46583
7863
45669
29800
10422
1858
21875
16355
14680
7088
21589
11284
39276
19582
42353
48272
21857
10158
43449
13628
22980
14196
41390
1825
49007
24045
39937
45094
16388
32213
41629
1683
38743
16108
21123
37406
6219
37144
31051
24131
28012
40336
43212
17758
30762
9351
18548
6773
7156
41980
5217
16692
41373
49532
35496
7973
17482
19415
14464
46768
13574
25392
5929
14442
23049
24766
12024
37060
30448
3812
3269
15276
29175
46751
36949
27643
44727
24761
31121
41954
2934
45398
1877
28922
309
32567
32897
6667
14010
13476
11261
10483
30123
21943
6478
8250
14049
37362
19097
48261
31846
8229
3155
22758
16425
36405
48953
48583
24362
46764
49182
3384
19937
37722
38133
14123
25694
45648
14318
46863
15605
49521
32714
14854
35084
9268
41281
43807
43113
37002
25011
12725
17933
18693
38809
41264
16430
3294
48125
14922
18616
32955
22616
26948
24907
23865
19036
2110
23573
16090
23538
43772
29811
42135
43705
34615
31032
45047
25924
18631
36911
32611
15630
29773
12422
29078
3998
24216
5339
20875
38322
9108
8961
17630
11159
49968
27820
15346
17783
2298
22976
25078
48253
17028
1720
31938
12172
3745
25013
27436
28154
35995
30808
41429
21175
18055
15161
21013
9972
13836
40886
29500
46552
30508
35828
36324
31362
30273
13460
3130
31183
38734
24811
31762
44649
5949
13587
49134
36874
4272
13729
23953
18122
11244
23793
11566
25031
15022
49235
23177
29788
29559
26951
13426
34963
25794
46199
46758
22736
2778
38686
34468
45898
48481
38002
24132
8614
14286
3093
33783
13020
49216
33061
23870
9465
18132
9663
44304
18660
48965
27851
6397
32038
34021
20728
11965
43175
15716
3357
49191
23731
40780
43699
8672
40110
45327
20962
4713
44414
17824
6565
35173
44205
2599
47827
23681
21111
23172
11042
25823
1775
18349
10708
20358
40571
41685
35726
4800
44981
12120
29316
47776
48670
37991
7118
35249
7523
37416
20300
19016
17277
46068
7668
892
13175
29530
5701
222
26170
35992
7886
14208
11993
19921
24976
11501
31037
23183
46569
41250
16457
10646
48175
46210
15892
4897
8689
33756
19592
5155
40598
12189
18959
36942
10511
8074
44054
35578
3634
1994
46707
1964
3764
19748
30882
2441
21058
584
9427
40491
36108
49767
20040
33029
3980
14427
32767
7096
38754
41163
4045
15135
20620
21596
19186
23497
38850
30460
48445
36739
46636
44728
1920
38832
32327
48225
37064
41509
46739
40429
24632
5777
30483
10456
33661
15721
13481
38724
21764
46505
21503
35912
41867
30221
40601
35177
580
1957
4972
15843
30948
45727
49677
31426
1292
44213
19817
12918
9545
18561
23565
14542
1508
40270
42346
20599
9218
44682
4289
41408
20713
48816
19590
13717
14572
48231
26229
41885
21471
828
48654
7512
9996
25623
20165
34549
41508
24410
11589
21519
42154
38430
26627
32476
36397
9715
18337
34753
2380
14803
5693
10941
39764
17466
9971
41468
8575
36475
39418
7210
30309
40810
3316
35974
5688
14954
34251
2585
15033
34072
29258
14523
6245
34713
32879
6282
29186
49596
47025
28871
17704
43780
27119
27524
41128
29604
35178
7337
495
15680
34966
13580
36649
36659
9358
32156
12245
29221
45798
5923
37730
29992
36859
24477
2281
24647
44066
23115
23846
22117
35533
28129
6951
37017
16447
884
7786
34726
28358
19076
41156
21290
512
22367
17945
33868
2001
26468
37392
21837
8364
46651
18498
21380
44810
23770
1940
42681
9990
28674
13199
30369
2218
23569
15750
15244
16237
2338
48626
30899
3345
43910
6625
27307
46752
9065
3704
3006
22311
39746
36754
7391
17276
22623
38789
36705
15687
25173
39827
41539
17158
12555
32552
37739
42704
6934
46647
22442
39117
37819
37975
8565
11485
45920
45735
33858
37737
30363
37226
48916
30416
29565
22466
49003
19469
30064
16923
17875
17535
39371
360
29025
45996
41771
15501
25021
4164
20229
2829
7494
34481
28863
42042
29182
49125
20211
23651
35699
30780
12279
14205
42173
48705
22959
1114
19299
35402
23645
2477
38669
38191
25837
5198
32473
46713
45707
49287
14387
4291
37490
12670
39699
43946
40215
27949
4667
16054
45472
26952
9961
15375
34863
20912
1638
46189
21093
16602
43377
19831
21775
33746
29585
530
20013
1379
32724
20420
13780
3298
42055
17896
13782
35331
19724
35717
45497
26458
6163
102
9598
18947
23089
20587
5191
46390
41245
10894
5011
35080
42627
16612
19505
29222
34730
4612
31
5388
20134
5997
41089
45975
12700
22694
10285
34175
40750
2524
29228
6201
45792
39048
7657
49878
43008
48061
8955
26394
577
26625
9146
11184
17544
23957
24816
17428
34622
27146
27675
26759
38871
49461
20675
9911
13160
33520
6516
17765
30364
2548
15337
3463
20213
22637
10331
47592
10830
14541
29401
10161
31403
36741
31605
26839
24070
38393
21129
29169
769
12654
5408
41634
8811
9812
31566
27420
40729
18120
5884
3923
1774
15031
2506
46755
24273
13128
6610
34995
47501
5605
25319
41811
33794
46685
36309
40976
44588
26262
44860
3501
36837
48192
24964
14099
1972
43729
3079
7760
23562
34475
14809
15171
29924
48431
28120
24188
13263
27435
44952
35262
29059
10208
41977
40144
11931
