32009
34781
3332
21297
42010
39926
33509
24887
39153
29540
47763
17965
41460
11263
23194
11297
7826
20611
43775
49189
11937
25420
8116
5969
27147
38783
45737
8249
29219
35846
25843
16776
45182
39196
36497
42797
21404
5037
44906
1178
7747
33052
165
40590
27427
20097
26662
5093
15678
46625
18271
19644
11563
44568
37034
7573
6553
26164
41756
40319
8925
24755
45089
24072
10197
44805
27375
44319
16634
49340
44794
48094
23805
36706
7592
48729
31991
25930
47215
19942
23999
15044
15554
15352
2680
21386
39149
5604
7504
10607
12083
3180
6518
44350
32401
43076
22699
42844
19339
17520
48239
34722
47444
22690
37178
40525
29492
6711
26565
9401
39966
48054
27571
15622
20014
1296
22304
9525
18133
30643
13835
27358
35285
5033
11897
17983
3725
47061
43924
49219
5973
2189
10148
15502
49555
47242
9767
32398
7588
30520
9449
2996
49511
1711
16011
15147
10115
39380
17222
4941
1831
44630
35279
8313
21360
5665
18203
5828
24745
28883
36007
14652
41352
38419
3224
48777
8268
16380
21387
29587
38635
46770
13712
16647
4717
12808
13069
28178
43542
20622
9533
48782
36470
14213
1123
38753
33922
46740
41797
25531
29480
32220
20682
12375
45919
989
37841
6396
27645
3815
44637
23113
10987
19761
39601
29060
49992
23822
29620
48257
10764
25422
32194
34190
6570
189
48556
15851
27516
12960
19728
18383
37039
31246
46678
2598
33328
46619
34607
3900
13434
36750
5194
21306
12767
36862
43363
40125
46046
49373
29
3197
40644
26722
25571
38387
4141
34259
15473
44887
6904
10650
1205
33258
34547
344
17438
1187
276
43451
8079
15623
9697
49723
16305
24818
23056
14848
8207
39076
32857
6640
1715
22674
37355
9435
21092
10811
42759
28619
9385
12461
22970
1477
3466
3335
16892
21338
45564
25786
30240
3441
49656
40639
37877
35963
30695
44143
14486
17076
30963
700
11229
12192
22320
27434
27777
30271
7772
27862
2949
3347
22200
13248
12079
23938
29735
32670
10577
24285
9384
39271
19740
3987
25251
14585
42934
5719
24837
33380
27004
24644
34234
8889
8155
45936
39530
38963
27758
28273
10146
39379
40867
35326
3092
24793
27553
12542
13483
46380
7251
5391
7002
16245
18211
31987
637
8086
32626
45412
42597
23972
37061
40245
47906
17862
35059
6920
30355
18102
21458
47925
35633
15831
29578
2287
43220
37246
16548
40818
32967
17015
17677
8569
16238
37870
31165
29803
44764
12226
8577
40190
12029
46344
33573
35089
42796
40703
26391
40906
41026
16629
44418
49977
17970
644
28005
25993
26304
3034
43015
12389
21151
49486
12982
30768
47703
24010
38642
5917
7352
42307
3444
18526
10964
3605
24428
1153
36736
27084
13311
12470
37792
30136
41472
31079
43398
41262
2837
46914
7774
42437
49345
6737
34906
16956
23578
43865
49221
34246
39696
31552
49769
48053
19399
1605
5
15100
24539
41617
46643
20970
27260
5834
40509
21538
24544
33426
31195
31152
5567
13563
10678
19769
23379
27354
4949
3072
39638
34249
11895
40394
49436
7147
12676
28848
33734
3020
38266
31345
37616
4230
8622
38658
1599
2765
49186
11242
26465
8944
44870
28383
16077
31138
40258
9402
5301
49998
38347
27730
10446
24157
10652
31473
23969
10190
42507
15670
3346
31854
36400
30165
15756
37382
29133
6683
3992
3505
39974
21073
2259
42663
46520
46786
17726
18961
8001
42918
34416
41637
24774
9576
12275
34890
46237
34571
7326
8900
34090
5627
8475
34069
13002
2588
36594
35339
34179
2569
40822
26491
20857
6895
28844
6285
10188
29290
2466
28297
28530
14717
690
19063
29801
6295
49075
12100
17030
176
16848
10362
454
23929
30006
2084
49588
19324
11971
15528
37259
9509
39218
28248
21218
10912
2339
17031
29527
27447
38858
23897
45187
26740
15308
48709
7048
8735
43669
47542
25046
13010
30560
12308
10495
18331
25718
41706
20114
19575
15306
23714
30227
34376
4132
11163
49401
1611
32083
6851
6495
11133
34420
24338
44997
34164
12027
48603
34588
24263
28963
7350
20554
36455
30009
43359
5149
30545
33539
561
34194
26248
36086
16777
30166
7796
15451
9210
22636
9494
45535
49613
12881
36550
32584
15447
34540
35364
14448
20549
37235
28008
42912
12047
29029
37938
7438
39800
16766
24038
99
36813
37916
493
17964
24284
9620
24466
44549
49932
34778
38719
7915
40967
19292
44474
33217
22899
1724
10145
22163
32
21142
32502
43098
47588
32305
36445
8690
28926
23139
16172
48970
7374
21563
24828
43710
27989
9946
43417
20643
13555
6078
34065
23598
23088
42655
11444
46920
42877
17269
43555
33705
44466
33085
22790
23864
36181
30182
46408
11686
13052
10363
10122
30951
32827
48595
38464
11791
45628
24297
28938
38818
34068
17861
40172
41217
40449
5311
36359
24417
12054
40713
4631
17718
2180
38725
31747
699
43167
5939
7130
32202
375
29430
3727
9809
212
22175
23895
18696
11857
46865
23431
15797
8965
35587
37799
27024
31193
13968
27089
35688
12378
36641
12348
42927
25750
10832
17128
15524
36376
28458
31519
34639
39857
31572
17582
15649
35655
16274
47910
3796
31493
2619
18727
6744
14839
29682
4426
13879
18646
24199
6917
41542
22977
28788
33449
36920
4186
41930
44574
34971
47449
36626
39728
20545
38407
17212
27430
21446
3274
3368
4085
13154
28521
358
23442
648
11342
5016
34663
17749
49800
32167
45494
17690
36539
15369
27580
49781
8166
49617
6816
25929
26242
43570
36699
26414
20570
2315
42427
3416
15144
30108
6390
16691
42602
28158
14918
16034
20138
24569
25354
41990
31285
38989
27973
19224
3417
24919
45005
5727
802
37208
40115
35569
3608
33493
39960
37166
35711
9424
6477
19287
7905
12421
33602
17070
35723
6106
34620
45606
32036
3012
14371
20029
39693
17571
10360
22571
28680
25989
35310
8530
45424
23064
49987
44075
15995
24134
35823
41716
49419
37283
43572
21040
21981
18489
1372
9455
7929
13819
33649
19969
17380
22987
558
43541
41865
34729
9631
9437
46082
29351
18285
44539
22803
17735
19231
5131
42091
25038
26605
18674
30451
38750
23158
47533
13752
11115
1285
45079
40965
26651
29995
47816
2044
10440
32103
12519
14156
41411
6063
10991
16406
40213
46516
18837
10651
18678
31280
28827
49784
48259
10683
40342
8616
2090
42792
48594
29300
39655
36682
25115
1040
45320
13163
40032
38813
44495
25467
6305
20850
11123
49357
32687
15200
25665
23586
31237
4608
16644
2938
25536
20019
27877
35771
18027
20957
27984
13081
24805
1438
29079
46800
43930
4521
12173
1793
39794
4776
1990
19298
3440
1009
18026
26570
5252
4888
28095
34340
11006
17302
36261
35320
11452
29249
25326
14157
26757
33263
31074
808
33286
21240
43421
43173
37333
3254
46088
9716
33276
31684
283
40527
11193
11959
6359
26803
19052
14127
19815
13559
45818
13506
6236
34630
48739
8234
36845
12107
49104
3117
20266
27676
30669
2163
2826
40189
7146
29297
23670
12156
36885
18888
41194
29033
32972
27477
21750
39882
31823
1209
25222
43116
23288
44842
37828
2744
43192
46564
45006
21145
36700
32059
9552
32850
28227
40176
3982
1727
22014
2704
20457
47508
23441
16446
43041
41933
31374
20077
16662
9290
46214
26768
19384
47885
43300
28814
13114
12362
26864
800
47750
46089
12589
28043
29673
23537
23705
26263
40049
32829
48994
34985
13643
54
11354
46457
3349
9991
27738
803
38765
20712
14915
5576
44730
34414
22563
13934
43059
13640
4976
12675
47309
8789
40911
44238
49450
35306
21442
25282
23014
1110
34747
22702
20793
43745
42854
45229
25713
27714
15388
35525
11386
548
42086
12454
46347
31560
29337
38147
3108
46226
33964
18486
1351
29478
43565
12786
15818
28808
40996
1658
20215
46919
19771
22251
15106
34647
6511
47049
36926
19276
37005
41944
8104
15279
13259
36273
5492
35141
32509
22028
20425
36051
28983
49958
26554
7426
24906
2518
40587
992
20329
16452
32774
31861
35931
32054
3286
47902
38275
28811
46688
10244
46414
22560
26557
2051
32808
39013
42882
10958
3550
6732
46493
28155
29395
367
5870
15421
9005
44419
38879
3654
25520
2132
25535
32325
10125
22302
33526
11419
48931
11809
33345
24839
42129
5023
13167
10126
10857
39552
3956
42757
3709
45700
31908
14578
27920
48088
6847
6690
46109
14115
21549
16366
21085
26556
20507
20929
42585
37514
12450
36961
45471
12241
3289
48062
14313
42176
2892
25640
6071
15659
37523
19449
37752
42953
12853
27020
10937
39171
45789
4829
44693
6790
42604
27772
197
6637
8349
35229
49819
28631
46815
37163
27203
31022
42187
29464
9624
11025
25673
1938
14817
10085
1685
27304
15714
3762
34146
5183
25247
32085
4402
49299
13595
29074
6492
33717
4484
36320
28824
49599
20624
25179
46295
37297
33980
14623
2559
21415
15412
31913
5425
29038
7803
9968
2168
28513
1841
14315
33301
1127
26097
45632
40891
6674
4350
44039
33131
21250
2337
42482
7768
6649
27013
29139
7987
38887
2781
12382
42522
23253
3134
36
30886
27298
12631
45128
11758
12965
14122
12821
19787
26559
2011
39689
18393
19589
22842
26573
13793
19422
28608
18373
13205
34689
38066
29569
46443
11188
31844
46425
1124
13082
47973
494
32128
13931
11960
1700
2130
26123
42012
314
3242
4020
9060
47044
11836
12289
31178
2181
34510
35994
46605
26939
20159
11183
29662
42021
17541
43813
32998
6199
10492
33653
46496
28488
7812
35500
35976
20017
31383
18324
32510
19578
39575
32685
47819
5848
20410
22411
43382
30476
44621
1856
49582
39074
19312
22453
3447
25997
32160
8645
43922
4124
11568
32312
2223
34714
32372
35629
8408
37904
37973
13013
13733
27605
39071
33940
48479
22979
41514
9111
30113
28028
11458
38956
42708
4483
15860
20770
26244
24017
31194
3546
23541
45389
35478
3000
33915
21827
30784
16864
28121
10870
10722
8974
29011
13371
2581
35449
47462
32825
38095
6404
6507
35040
44859
45631
11195
13688
12278
16808
18482
2452
43262
10967
40643
23306
27138
9609
33801
21174
12780
27734
41364
26876
43800
11617
30862
45754
24751
19088
31081
28083
31953
38517
41688
25299
33334
33094
7933
12723
12143
429
47487
48588
42104
8777
16689
48605
49237
41822
9149
21753
14038
30790
6840
2896
887
9544
29610
39290
26353
8905
36968
30250
47538
20655
39768
18628
13279
45688
44942
6243
41451
13995
1974
13933
33253
49751
16948
35743
33016
21525
1667
47861
10913
31769
14235
35978
45902
4184
30677
6924
47907
33027
27493
19043
41302
37193
3116
39217
8352
21929
41388
40099
44891
32253
38685
21642
14853
18730
43950
29799
13307
24866
49824
11872
37342
5491
5488
39067
32186
45981
33312
45274
7386
21659
39430
18705
9141
24396
11590
29353
7602
11384
4381
11125
47795
45515
16151
563
2629
32997
45491
49077
8784
38708
45586
28407
28151
7903
435
19711
18493
40660
25690
22369
18365
711
40531
29041
41530
27923
7362
6211
25113
46618
34306
18473
30132
31143
11994
18875
23474
16195
39302
29291
23029
31476
10539
9791
32776
29046
40844
38497
30593
29254
35180
22606
32754
23071
8630
39202
23816
9887
36420
12737
28200
19857
15238
27725
40793
9019
31434
31804
37996
37741
45962
18052
32615
41033
25674
39772
19006
25941
42164
149
7368
38584
26233
32260
18544
35135
3816
46778
3236
33099
7557
21460
16254
27029
14670
9349
14852
29787
2210
19112
3494
661
31290
43524
398
10592
9618
49421
49586
16200
6475
38103
16101
145
42398
33685
5298
43650
14607
19145
18512
33692
31227
38810
28
35522
17131
31153
3300
21955
2216
47425
28388
27647
37069
10925
48613
42096
7383
20498
8423
8456
22241
1881
11765
11045
30950
16893
46573
26475
16434
34215
40846
9872
45591
8639
10174
36552
38376
14690
37154
44689
27860
10500
33740
20772
30869
6274
41246
27535
19098
37053
20274
28739
39284
33352
1870
36488
490
45002
33015
36428
18304
34939
19657
20610
38995
38852
18602
35970
23078
29376
39734
48889
12261
42603
6990
15259
24674
42160
10055
4666
12826
28100
2911
27491
13395
38283
15267
33401
40562
15627
13978
32007
3723
27801
42434
27135
14937
42313
44125
48502
47415
35413
12539
40301
46384
17498
48812
36008
2591
19822
39891
49352
26307
45255
15963
34
3465
4943
19813
36177
49974
8981
41987
34585
23367
27754
15643
13708
30507
45363
29111
32005
35806
26301
5350
12103
18014
9353
12896
37928
43927
17123
30156
3688
1692
33080
16905
33480
47623
46276
43934
17147
378
11092
43238
40071
25437
31053
44270
43682
5237
6266
49475
40277
1303
16615
34051
29377
25767
6611
1832
19516
2178
47883
42491
30473
13112
38373
22047
9586
48630
36964
23724
18799
31688
31817
42005
28438
19459
48362
22478
7545
3653
13245
26680
47847
46329
39973
5379
43535
39539
35902
26917
31949
2117
10270
35867
49709
11495
12135
2722
10503
35497
21130
2747
23176
22493
31836
10175
28720
24822
31028
16408
44676
44700
5004
28386
42645
45503
1330
13829
40904
1986
21986
27844
11818
28726
8502
46169
34494
5700
21465
46899
8948
43063
6253
48004
11153
40002
3017
43038
19024
28947
8291
45973
18626
15336
19606
32999
17445
49866
36171
28999
13527
22937
29006
45178
17392
18576
26504
11160
23587
46165
56
7105
27590
26079
27224
3031
7162
1331
24867
10060
14331
23482
42494
45674
28857
37114
34220
41565
43994
33818
10740
6797
38165
27289
15006
25205
20483
36056
24380
2730
2028
839
22941
6358
26473
26753
45206
24459
4009
21233
42782
11988
22131
48882
4716
32231
34565
23914
47732
19201
21670
26410
44087
40434
37101
10744
34945
31055
14669
4355
19663
39381
31791
2688
20279
6874
26073
8457
15774
11165
36103
1460
30098
43395
34183
10878
21046
41210
23976
22893
33429
35609
38792
4890
14103
43315
29760
17591
21261
12931
18934
25588
12480
16134
45482
21352
44853
2335
15686
19809
34476
13361
20733
46083
11166
47659
14495
21148
43275
25432
1928
37946
17343
5270
34048
14465
31568
41828
32184
18280
31875
44106
43425
40763
8866
11062
7260
1111
6978
1033
20692
32833
37224
23510
34059
28777
32862
22021
6424
13499
47977
20672
18150
3790
4534
42363
5670
36899
21235
37252
11530
49155
42242
24585
1272
48992
12630
29302
29795
30393
25252
41442
2013
17332
49848
32891
28425
39002
25607
36246
11928
39157
25171
27869
29032
49455
31557
47447
33172
41420
25284
46440
20031
16351
35606
18587
22657
42549
14432
12005
48890
42828
43979
41938
39214
28575
22083
35786
25634
37621
43466
4451
16823
21916
37815
5808
1691
17431
48883
8878
21879
128
18600
15980
14965
29970
49890
22840
908
1545
1886
49722
26236
20076
32677
30134
29549
7429
47720
35652
10119
2148
14850
1344
48660
23207
29411
18064
31801
17055
26914
15943
15432
40951
48418
41832
33706
48050
19320
260
4572
36002
49522
11624
41559
7208
34687
27859
16361
5175
28409
11852
26728
23385
40069
39663
49867
27804
22978
6575
37813
13651
9316
42451
46022
33454
49797
37011
34833
13604
49720
34659
11034
9770
47899
9677
16081
39714
24998
8591
35155
22407
23523
9622
29603
42194
44300
6222
817
3448
49753
1126
11090
9814
33309
31465
39197
2159
25345
11215
6749
31948
47479
18024
3841
16778
33619
2239
3739
49076
32616
10532
45794
23939
33201
32975
44566
4279
36365
44224
11609
45806
10052
16606
48229
13389
7041
47276
38310
23257
21636
20310
16960
32869
692
4082
42742
5489
807
23040
12263
11239
41374
10733
9158
26725
488
26091
11602
26516
47451
4947
6824
30496
16590
20386
36720
26698
39527
38397
43663
42948
6721
6473
25493
35747
31408
32871
44194
39091
45078
34716
42340
5857
17596
11432
32637
41668
25357
11756
5513
11404
12369
2786
31421
46170
9238
5359
42790
21620
24423
28610
38865
32812
48512
25835
38069
41778
28042
18585
40929
2978
31413
29815
27688
41749
552
20071
46974
6145
38757
8867
29976
35444
19586
44492
1933
42358
41431
8942
3192
46535
29217
3122
29798
14352
27610
21763
39568
39326
34157
124
18895
38917
27933
12735
3525
39122
42896
13101
31487
47567
39401
17087
2203
36986
49119
13776
36012
25475
47454
26383
34976
46342
11445
34951
31928
18974
30031
31228
23764
19272
16940
20504
19420
43712
48154
30390
37097
19019
49088
27367
11672
26020
19559
11439
20641
44972
13753
43734
48925
9161
36463
39086
16440
14514
49171
29141
49581
20012
7020
44069
40544
16862
23686
31820
22082
41684
16153
28745
25482
1596
3500
15338
15664
49433
12934
45582
37344
6486
20141
40894
39636
34242
25406
4276
9197
4682
27051
12635
21463
45720
35716
24955
44675
33791
39205
30644
17684
7070
6442
7215
41309
1327
47760
41830
26566
48929
7549
46050
18809
1563
3262
7538
25229
7232
48203
10128
47145
43379
15787
22393
23780
12587
14694
48406
18070
10938
10238
18265
20767
40498
24510
21956
16409
6273
10908
33213
14553
15833
48241
1259
28540
43871
10009
21934
6521
22559
49082
17688
286
11408
47354
235
34091
39516
43917
3243
41045
25819
17675
13838
37206
25612
36079
18532
22266
15063
7958
28445
39978
22004
28644
43933
48230
22885
17480
23097
45165
31984
5142
13920
30724
9112
48396
7491
42169
37609
11459
34467
20993
43691
15517
14133
5375
21349
35904
26339
30759
41707
4062
31835
31416
44862
10002
44077
46469
12057
2810
24717
36232
42108
47116
33938
16844
38250
16367
6938
7732
43624
9756
41328
38061
13354
2618
16069
18611
49046
30920
33178
5435
17035
42888
15823
17554
40094
7175
15232
7911
41870
10253
49418
15531
44959
47297
42447
35114
49210
32237
21030
38462
49353
2310
28494
28056
16500
2796
15762
17272
42297
17000
570
11581
19198
37019
38356
7488
49578
22403
23571
31764
26687
24054
7219
10156
40426
29916
7197
18620
10932
33176
19396
1490
39406
22896
11621
42238
29904
11796
9436
41437
26031
25916
6271
29036
15511
16162
23903
42546
34428
30592
31965
2912
11520
35924
6335
23331
12733
43079
15222
49341
39796
28256
12744
47924
12163
46849
34904
21508
17182
9473
12901
11281
35980
43782
34412
14611
3191
24227
38220
46869
6986
29648
7986
8306
40253
19879
42457
3606
2472
48343
7028
37908
21101
48020
20846
45939
30410
13200
19259
9964
47516
42284
13039
40440
19651
1083
18401
11595
49264
11656
12690
48576
14431
5710
8615
22653
7809
21902
38110
47233
20960
47286
34113
3481
6216
11414
36831
4928
28102
26910
20576
33048
31589
1858
24004
19553
17256
7291
48596
20028
42659
17374
36977
25876
842
20247
34239
47285
42368
44664
10490
26851
46572
43532
31436
16171
24159
7756
36303
21904
19206
21276
24858
6892
29719
11749
36729
2140
31316
36495
4386
23170
41693
38128
46518
42259
15796
13105
595
21692
8664
31212
20879
16025
39400
38252
21493
42061
32646
10727
49885
40478
21814
14044
1302
16868
27396
21269
8859
2541
35473
25109
26133
15564
26779
33308
10347
10121
20218
28914
38394
14196
28579
34719
35485
33265
29526
47817
8608
7185
45540
36971
10583
7819
42887
39081
19250
31839
7836
34277
4833
23993
49246
13888
24468
22599
43083
45561
27242
11
11697
114
7613
27411
27255
36936
16040
19629
30264
46747
37651
21268
44505
13950
36718
32395
1215
8465
391
8681
26709
25283
44406
9347
40817
24449
7582
8369
23435
5117
19883
8976
13347
36260
13409
13423
37897
20903
13597
35816
46709
2244
45824
30562
1369
10041
8202
25102
6792
30890
16941
20792
31082
18579
37767
48759
41111
45724
15098
34544
654
48304
34240
49350
18938
22928
28101
41846
25369
38440
38104
20489
27915
22136
13295
15081
17985
37683
26217
1905
30075
38550
23246
19986
1806
8351
37482
14788
16022
31468
49293
26835
45034
10730
2677
40025
33605
38057
29702
956
16005
46364
16506
5737
39888
10621
7182
42360
45230
32704
22624
16870
6497
34788
1898
44386
38803
27774
237
23892
33995
36612
41898
22942
5357
3255
7027
28030
30599
33495
30845
18823
22927
39395
32408
45224
52
35341
23415
39421
12658
32307
35093
31967
48041
49241
24508
38196
29886
24682
33981
47996
13789
28082
3135
34470
35776
25122
5525
18411
26821
18711
30421
1931
27381
12770
14862
40464
5778
8106
14211
49553
2593
18631
14402
795
42609
35828
35367
14464
23625
32463
36151
25450
43612
3056
12772
39283
12614
8542
9326
38901
23148
24907
24608
32086
2603
48213
21664
27243
38045
5377
4812
23907
17894
37406
25225
45318
16724
31187
5416
34718
3258
3405
7366
30483
580
24039
25133
4713
155
2666
3430
12457
48793
13587
38631
6576
48158
11005
1665
46248
10680
8180
6139
5250
49830
9258
16388
8057
39956
35489
6474
9188
36650
41048
13535
44477
8214
10962
30808
34610
41889
10337
6514
41450
2805
45733
20221
7535
31202
30745
43334
26484
46363
47164
45095
32182
25040
19696
46668
12206
49654
33022
30148
23201
29319
41373
30882
1688
610
161
11309
20958
17022
10848
15022
40136
39613
10068
22496
21241
10986
3294
13788
29075
26440
16217
7617
41070
40547
11503
20467
26214
15346
19748
29316
32618
8278
22455
31832
46020
29601
27252
18822
32279
2721
34521
44213
21880
12771
21296
3753
21679
6407
27541
34137
602
21611
18501
14438
20650
30509
42864
9055
13694
40695
16156
46735
49976
48752
5906
33264
23312
20984
485
2454
49782
12699
26948
13743
32974
19069
47960
45354
16086
2577
44759
37335
45104
36902
48744
27536
28599
30221
9346
1357
34319
30087
15015
39358
18593
31652
49235
1236
15239
40493
33817
32178
12932
12318
35192
31417
36555
17444
20598
4979
12646
46863
240
24509
14883
7996
12353
20395
14149
32540
20889
42720
34522
26188
44373
34785
40191
38264
9572
20455
49679
25737
20913
20594
23294
31051
49857
42050
1859
40947
42048
41112
16473
34577
22094
33145
2881
1732
33954
45907
6916
22682
2065
2395
40395
31996
43846
28940
45398
38797
42870
36560
45917
39015
47679
14922
48281
2012
49821
29530
17073
25111
35301
5284
17854
7871
13293
49764
37299
10279
40683
25756
36146
12395
40093
20540
40260
28012
42957
18232
3584
29882
41808
21434
32271
44022
48877
7716
10317
41251
11042
11576
5073
27924
15768
3518
2220
40137
38726
6219
47341
42842
4092
11010
38416
46453
10708
21005
6541
24689
29600
10369
38506
30607
3406
26980
8283
8111
8787
25029
25123
47791
30252
14581
584
39022
33014
32977
17394
7361
34274
21635
39864
35416
31131
35211
16700
34749
15618
5732
38332
26254
29991
23757
36931
28284
20040
12954
38009
10164
17853
40691
12372
7790
44180
48227
49591
26004
13954
7045
25783
13072
29559
9324
8972
31259
26316
26718
25238
27378
190
15329
15046
13616
46033
12747
39035
19587
6403
42847
21140
8489
4159
31068
7391
32084
38191
39890
11814
11806
4667
9396
12775
9996
33316
49785
7746
23368
6571
47315
47636
8310
18113
24960
33157
14506
43648
37170
22117
27788
14683
33224
21680
14913
13669
6934
17704
42704
29238
37444
7471
27360
42387
34943
24964
37606
4587
11777
28701
14743
41079
18943
19353
5286
10520
36223
35699
8308
29551
18805
10129
26681
11316
16718
19709
44949
26117
40801
28259
48371
39743
41408
22315
24343
1378
15150
22466
16491
41166
45048
9115
25965
36210
14610
9065
3876
37407
43604
43437
46079
46190
44919
30850
34557
26435
49842
27791
18968
27299
40698
12245
42672
2086
39784
11773
88
6766
46163
1418
11678
9036
4489
26635
16359
5138
3820
19248
14917
29462
31458
30220
34502
17526
32133
3216
48887
18740
46713
541
36713
798
34175
12976
16885
5172
47501
10881
26347
23325
24278
37157
28141
43062
34049
40339
27190
22075
42395
25173
36519
43903
27365
32984
27616
23303
1102
17907
38483
24603
33182
35233
10930
15066
39517
16061
14406
16302
6183
22367
41313
41541
13782
48178
15566
39917
10149
39746
20720
35670
15382
9683
4416
42362
3099
7419
7763
48451
11601
12456
46195
17535
29418
30056
8318
7904
30903
40144
27622
47078
42905
17052
49780
18779
48987
46808
36541
49385
23759
7891
11797
34481
7892
15901
10972
14990
22024
22915
26848
14250
36695
27675
44902
8323
7456
32563
884
5083
15921
35746
20729
35167
48332
10342
27111
5306
39781
49831
40564
24436
20517
31533
4754
28365
27343
14224
7418
45975
22925
37582
438
13503
11865
45813
46645
37326
5418
31962
22482
38601
23531
2351
33362
1868
37433
9213
11152
24718
27184
24494
49750
13148
40215
36590
508
49889
13128
34110
2170
15031
47412
13263
6237
34665
42101
37197
11685
34573
27917
11173
46090
29440
48442
14198
6643
7691
20231
9308
16973
39570
16163
2218
30873
27196
21926
29116
48385
21159
36475
42632
3126
25960
36697
35642
18715
39117
1117
42875
48863
32476
27736
17928
46189
28674
24188
13724
14902
23358
16728
9936
28960
31009
13034
24893
21375
14112
33444
6174
15652
32039
33900
6129
46755
20912
44036
5408
17991
26825
37195
45825
49816
8145
14278
13491
49611
48276
49844
3858
36045
21618
17905
44088
5002
40599
5861
1253
3882
48680
15838
14436
40494
42767
24042
47156
46656
7167
12709
30649
44836
50
27570
25752
47637
25112
950
47085
33982
29073
5637
27133
23291
28448
8364
24709
46296
12644
28932
1112
48963
32925
635
35542
19498
35393
