44773
14877
10130
23061
24834
35599
1340
40890
30575
25097
35434
48618
22622
44122
1626
35952
1097
36004
29468
37532
28887
17456
3721
34012
38334
12922
21531
10761
7647
24695
38977
22873
6124
30904
28750
3304
44742
1481
22858
18624
3337
37146
27681
19884
21865
13860
4162
13459
38711
46922
16838
38847
1306
16793
45621
41118
8660
49535
48663
23240
3277
10343
45188
10574
15689
2967
34150
48032
13583
17994
13656
18940
39709
41677
35039
17432
27434
30267
34313
11913
41907
48554
10330
26076
35326
11263
38335
12030
44975
27176
25930
24521
41557
4338
26507
27931
15848
1185
41324
12493
16148
47862
11912
10513
25385
40733
37325
17303
1759
36183
32436
31083
7979
179
10987
12095
28828
20233
33360
6860
4239
8392
7970
4621
36789
6380
37322
22178
8753
24639
44946
36068
30635
36470
1382
14548
48842
39486
23245
34676
27179
2355
46380
45936
6833
7547
44715
20424
42517
19818
24349
42044
39670
40476
27175
38828
6919
37872
24021
20398
1376
4787
20795
45716
7344
17932
13835
31837
20606
16531
31207
47678
49660
27375
10811
23581
30272
43660
19009
10399
24325
38633
17357
32233
46159
40830
29593
41929
18864
4411
49344
18273
11474
35282
23854
13434
12234
25616
9123
8741
17196
36287
41345
44961
15839
25070
1266
31284
41036
3224
33654
6687
40359
8663
49734
38000
33243
34748
46116
32267
15439
44599
39435
11475
39589
43368
29888
13902
6399
8759
33573
12056
21634
38342
40482
40328
34750
5484
28003
44887
20824
4282
49837
13334
8249
18935
18951
37984
1872
37041
33864
13068
28919
16866
30730
32025
49164
42372
47298
28363
1709
44082
39329
16292
21012
12916
31700
20584
2946
18215
46046
14079
43454
30172
3184
26178
8097
46344
32670
48485
17884
31249
35279
16554
5699
41068
29364
48001
6972
28742
32522
46969
6682
49067
6370
19812
25477
12967
10486
1454
20891
10353
23978
14528
9435
46738
35042
47599
33363
17156
35916
3295
47560
12079
5973
32885
47339
44967
4619
19173
36404
48587
30521
3466
36289
25004
35325
33732
33510
20763
8258
33983
26430
30271
9895
29542
37949
12270
3362
46843
15466
2780
41696
11535
45516
4337
49092
16918
30749
902
2478
24229
44296
31961
5972
37841
1243
8912
38937
20997
17976
38466
2423
47473
30643
14949
12809
42288
5249
26007
37619
1887
39392
19529
7731
22904
36901
13507
11768
15352
8272
7810
38581
31880
42083
24679
14585
22200
48266
18999
7674
11023
28428
36889
33596
17692
35422
30595
25995
21387
41433
13262
25731
21020
37826
44620
48570
24446
48709
23959
14498
21309
44598
27625
16575
29188
35613
136
20914
28434
44767
19983
49932
23015
4696
27052
40279
12100
1103
36975
60
40751
23895
41859
22372
42753
36040
25050
10544
19018
17274
43240
16172
48465
20874
28110
28805
16800
42954
7953
17755
23317
25323
36648
21331
19946
13852
49561
10363
4230
17950
44671
4326
48078
30747
14249
1520
24191
22516
44367
27506
44991
16128
26424
44777
45296
36950
25300
46544
43369
36907
11896
1985
14721
33540
27178
39484
2752
32811
31645
19382
17815
47900
22817
37505
18223
36473
22365
11580
6709
26368
19574
41455
25209
29277
454
4492
19565
29120
15711
35965
13940
40449
5157
21992
13010
6988
27447
5627
33897
17361
15662
5420
5722
23578
46003
8035
9849
26065
35068
28297
36568
6623
38278
6196
2753
49937
4944
25201
31957
45157
48791
47535
10479
24774
26509
9442
47213
2771
32418
14425
41138
3366
1586
13895
25388
47310
47182
15506
39192
36679
24157
42211
7778
6068
9884
41663
36015
4958
1541
19079
48269
21474
32348
14519
7992
30782
34429
112
21056
16777
18719
23277
45434
20895
29117
36672
16258
46461
12049
23564
2185
29285
36520
36938
2101
36595
28148
38919
8389
24678
25071
10107
49587
9584
34871
28081
31151
9918
42307
15655
48603
40423
19989
49354
42918
30198
5211
12628
36331
21631
22227
7503
25165
23425
21959
22747
30641
49096
23190
43068
11000
49022
4132
11614
49505
49173
40537
34258
16673
34118
38211
236
3935
28926
5632
39906
33974
32983
28394
40394
24161
44282
7448
39987
22596
34287
1611
10910
38522
23220
13697
47362
38047
38822
7338
38642
12622
14379
45584
39735
12306
41586
23263
12746
32226
35357
35850
16882
22316
17515
10571
17284
22217
28643
36388
20376
24539
45377
3059
18483
41794
49438
5197
22930
36614
48263
31539
7861
10882
45672
12412
8628
17802
27101
39824
8059
49759
39023
26491
30024
33772
33122
3327
18247
22938
978
47364
15051
30182
34238
18160
36490
43098
44198
32121
16613
28196
38152
15469
19046
10627
506
848
16682
14668
5052
19533
25909
18551
2433
19619
42913
10964
28559
49225
15770
8696
10953
15903
2851
8529
134
7936
48138
49562
6347
43932
7077
46219
19125
30471
46147
9602
36578
47749
6130
18097
8547
25842
8690
29703
32580
32474
25523
22552
7915
5438
30006
11482
49787
9583
41911
24043
34233
4172
46238
26740
48644
20761
10453
18415
25619
33118
26257
44679
5683
22399
44425
12719
25018
44776
48092
29548
11197
39550
4830
38398
6063
38291
33021
30795
4511
26215
24033
43177
37278
41644
15788
2098
3856
8862
39360
7888
19915
41407
7216
10263
4431
11779
20859
16693
49560
20876
48282
21663
6499
37932
35958
18612
12697
37485
35387
37283
39520
47316
13243
5781
6097
45428
1139
35319
31691
14270
46560
4398
6856
22987
20589
3417
31177
2387
2867
22122
16678
37280
1830
49450
48545
24633
45822
14843
42536
47935
2870
36469
22446
40428
12455
11705
3488
18586
12978
40706
41071
7586
23552
45041
32409
5660
4608
16622
14640
24805
32604
38016
2484
3944
48090
32045
5005
1180
30905
303
23911
21623
33649
30584
39055
11936
27587
11326
23492
17859
28708
8528
5554
14646
11362
8789
24719
23062
15160
12958
33084
29249
18372
7596
42815
37647
5913
46299
6757
33680
45074
44203
33602
4971
796
35226
33303
6901
32513
28422
9455
6547
13853
28667
38038
15289
47698
24643
27169
38556
29853
32153
11084
9420
28944
13
8776
30352
15356
21099
43856
38766
10155
32723
14840
9067
49297
35010
46877
2377
383
16783
31269
23441
20805
18419
29090
15065
27750
44230
35172
41481
49256
28158
5386
37128
1777
35168
23217
138
11811
46541
1788
1184
44627
40342
27874
38531
40403
48547
41459
14156
30453
25602
42532
46254
25268
32706
48712
16569
20308
44161
47803
41236
19734
17363
29636
3484
34325
18163
17571
31721
27149
24064
27948
10624
2641
44008
47449
35451
7761
889
38750
12137
30969
34377
2491
32375
1867
17826
9272
832
20838
28564
30102
35857
17064
12148
4070
27480
36112
30214
16446
13477
29531
6477
10280
27201
358
7410
34218
43631
28970
16732
36845
2816
41255
46766
44053
35216
36184
38801
18872
38889
34200
30665
20580
18086
38365
49725
38502
15907
27764
1077
11973
1936
44544
20779
36344
31705
22676
13752
46315
10289
43680
16472
27470
36330
13564
31230
48951
48973
17227
2619
23692
9597
14195
32274
21656
48764
4034
32067
40527
218
6296
34996
26274
43484
14383
27253
37121
20216
31469
49093
17980
2079
42043
16671
38971
35420
38451
37111
27578
34305
27744
45494
17325
10807
21057
7452
34611
29658
26568
5647
5603
3673
2595
47904
12667
29417
15717
23496
11518
34959
16221
11335
34196
17421
20696
40009
5707
36516
25665
44075
35764
33508
21836
35519
14918
13195
47589
25650
21643
36496
7303
31307
18204
45951
30402
32330
14252
30117
13556
22874
46798
42947
19236
12346
41125
15297
16349
21637
502
6774
47392
44256
46512
24847
15265
40643
49835
10527
47217
3617
37904
21739
41269
23913
18651
24490
1057
33132
788
11476
22460
16751
13581
44507
41057
32527
22916
11998
2181
6061
30772
49178
28773
12823
11047
30880
34498
28712
27673
5400
3749
49032
37700
21326
5425
7946
20151
33098
21147
16401
5450
43690
40226
48144
41116
7180
41060
9156
5966
38338
18771
36063
28738
18442
12237
45458
41594
36930
11449
28984
34397
3490
334
41364
42354
42029
23256
33092
3728
34901
20685
30611
5942
27432
13918
27203
4117
13371
25136
603
19496
28582
5080
4772
39211
11389
40378
14018
22377
43017
16366
18157
26202
20033
12750
15807
32998
28608
23475
41012
48543
30288
5725
20963
23389
21510
26797
25812
41514
12601
1737
24031
10749
35007
31022
9052
23526
3385
10244
3190
27361
37370
42646
42914
43722
42195
41353
41229
49430
45330
44673
46801
47494
30606
6284
49273
13986
32774
18169
1160
46058
45670
11192
44677
30774
22049
20868
35555
5733
24077
36970
18089
7492
11858
4628
44800
9982
12195
10462
21728
18286
45209
43500
37236
6584
15106
19080
12428
1528
17074
4108
18119
20034
21574
861
44047
28109
24842
19255
22761
46459
19544
24192
17655
25194
46812
5545
17155
29768
33894
30461
1969
44110
33955
27254
2359
42417
8122
25663
42481
18969
37176
8356
4697
12776
9489
31584
36054
9564
3997
19647
33976
9752
44950
15278
8153
23068
43827
25769
35293
18474
40369
49619
44192
28808
34490
40847
39355
23261
4982
41673
38085
44530
19871
25997
16932
9995
20269
27585
40232
23498
39526
22251
10101
48993
28330
40362
28157
16907
39924
29028
32695
17926
41486
48243
25305
32145
26964
41937
21351
43313
38620
46121
1281
16301
19566
15228
3565
35629
49336
32416
12943
20143
39151
25073
19922
9185
30459
40384
11544
48132
4124
17644
37668
19291
48007
41108
38066
30113
44893
44707
25705
41536
49009
14122
46977
4422
2406
18769
41334
27963
20872
47702
15016
37350
1025
44323
33371
20346
29960
49079
42740
26189
48005
1002
15974
41892
38761
17292
8760
44152
44219
4308
37417
36216
8947
22562
445
43349
48614
13748
14115
12377
33168
21207
32963
44481
4912
46838
28447
7753
6324
2518
17919
19726
33607
32702
43779
19875
25745
44233
39033
29780
21567
4796
21827
37453
44976
25055
8974
18497
49855
47812
15417
37500
49089
42853
47918
41719
42233
31016
4268
850
34649
47737
43762
7004
7065
27920
6205
6217
29177
22484
12558
10958
13204
15912
12007
34967
36477
27156
10993
43586
47510
42938
34174
21473
27491
47591
33370
6389
33365
23329
1903
48699
37172
41178
36008
41823
22606
39803
36156
38033
9061
40933
16216
945
6027
13391
15718
20049
12208
27501
21307
7404
40469
38526
16891
21341
17044
37954
6168
46947
35601
23255
31277
37656
16220
22371
47796
16383
8677
37124
15259
6897
5358
10451
3141
38593
32130
2106
23057
47126
41500
31349
43834
35318
39047
11765
25289
35598
9749
41825
40745
33920
28002
28789
45873
17791
42969
3839
5350
26434
36361
37602
42809
14857
42142
45555
38353
15454
42035
48360
33352
18011
40441
42871
43650
31993
9776
9872
1212
22743
45299
40108
17260
37688
39501
45712
49518
1795
48760
36552
2485
40597
4660
4213
46150
13005
16702
19378
23879
12522
2245
36960
29821
38909
45571
29278
4497
9395
22964
10419
26649
43410
26854
31075
29265
22133
38090
21260
35925
13510
29632
14111
29240
27875
32797
9655
37234
40842
32029
14532
7811
37778
43509
46164
29353
18028
43550
40111
39495
4224
47975
3872
45756
5119
42974
48008
41750
26367
27227
13652
28613
3533
14152
34217
16426
35675
45122
22185
46773
23276
28250
3408
24236
6437
47928
23013
24485
9780
28576
4219
6911
31429
31840
17707
2811
621
21173
36793
7301
8939
46823
32590
20
27282
7602
2235
28165
19407
40277
5501
26048
3957
32368
38762
30522
48781
18365
10296
25785
13726
36665
38720
9544
7155
41103
5607
399
33803
27334
15515
9349
49954
49055
15256
2238
16241
43327
49718
22519
23076
2913
42164
35978
46049
3116
27417
37996
47738
4707
17958
30436
20282
29071
39202
27494
2210
15744
28200
41934
10736
38316
33279
40228
24900
47149
2629
37677
31310
19460
33016
49805
31306
35413
36319
19912
4032
30655
26819
15112
665
27882
86
2190
38787
16485
1695
22144
36071
12253
11759
2990
35526
47155
49318
8289
8184
45226
22820
31084
17123
7557
37963
46321
41737
33038
43640
19758
49213
45869
20698
1814
5594
7743
49740
14377
32494
31998
42296
34574
16878
36572
47922
27105
18705
15526
2486
28596
33872
40854
16749
28666
21753
22765
18690
19197
19684
14535
48163
34727
40682
10982
20294
14283
33703
9782
17623
15348
8338
33239
41625
10222
12846
27790
20629
24827
35942
23447
23460
3866
37193
28614
42313
6809
42982
20120
5256
34406
12217
19790
35494
44465
4290
47972
46648
20154
18476
37438
20655
5944
33334
27342
23792
10086
40560
5173
1595
36234
26850
22243
20888
27535
21912
28407
11315
44450
28489
27946
9791
4106
43433
14465
9377
16823
10597
305
18856
31688
26303
42432
29032
23694
43323
21059
11142
36387
33706
14963
2634
16321
17934
30042
39042
5135
42721
2509
9205
32863
44094
21792
47158
15336
34220
16185
45884
35334
41139
28241
1656
40754
4922
40721
3837
46890
14004
16623
4635
2621
35044
7921
48991
22941
28825
46489
30477
18613
18946
31330
24937
47725
16771
21780
22757
813
1344
14140
31155
16494
46239
8134
40932
16540
4632
25170
10033
15378
38859
44676
43852
3060
7926
1750
16351
27890
19177
49531
49612
6222
13057
21569
40989
751
10423
27225
35328
24353
24516
13345
5399
35237
21879
8731
16269
34216
27159
41376
34183
41708
15713
9280
37470
15728
40773
3616
40456
17547
22445
20672
41531
31111
23349
23046
10835
22434
988
37360
42344
33912
43868
37749
37402
25775
16470
39973
36217
6001
45469
30105
37852
1865
35627
47440
16361
33989
2095
22766
49508
29796
9444
10758
48403
36057
29393
30732
944
46510
23119
15089
28845
45043
24796
24951
17175
41501
31021
38302
34763
10258
2361
37434
21029
12089
45828
34790
40871
40002
36126
49014
4662
5920
48715
2726
39445
38373
10780
49552
928
2416
36603
14366
4740
23665
20156
15968
49070
11375
32926
34299
32511
1801
16701
22834
6443
7160
37224
39458
48910
27348
4844
852
12256
23668
45627
21858
30308
42533
48882
23623
43979
46708
32946
36871
34494
26529
27925
8274
33757
41480
8407
41113
44104
42115
37685
34660
14841
33142
8671
17102
20733
49810
4319
43129
23724
38840
46494
38507
44403
14391
12205
49644
44345
30137
11737
37900
45245
3604
16459
47672
10318
38074
1061
14322
26917
45271
22890
277
12890
38366
11735
2733
2685
5205
30622
23234
43071
3794
3082
39662
20076
40224
20200
1091
12545
36121
18156
5467
3206
30763
47111
41037
46820
26125
3451
35424
22336
47080
35227
32255
30310
42846
24914
14681
5421
39788
40417
13173
47416
35534
20644
37868
4275
14276
39846
32782
45278
27732
10820
29321
15672
24763
4120
21776
44421
27879
3028
13285
10740
33333
28341
44933
24953
29037
6184
23238
49172
11507
44388
8662
36439
28976
5305
7425
1591
11097
24890
40620
9286
42274
21809
39706
21046
6965
34122
5505
33567
1111
32031
24309
38359
7938
40471
2013
4002
16812
33354
16781
23249
11995
12330
34353
8291
26382
34833
27633
37986
32788
48240
36899
36912
33455
25465
4990
9772
46361
8964
13805
27819
2246
9999
3356
49682
23721
12371
1346
13100
30162
1928
35660
45134
46201
48582
44342
36841
35781
37774
35716
2751
28481
36515
640
4843
9428
42099
17000
49621
22295
18334
49512
31140
4786
35094
42136
23087
47165
4805
15840
41379
14639
30918
20503
28482
13756
1807
24800
14043
29516
23366
22065
12019
46885
43933
35851
23760
32385
8617
28663
16913
39922
921
11687
24180
10357
29752
25704
27082
20362
29687
24966
6935
2494
48325
38843
40337
35891
34612
41965
38061
13484
12804
15291
36638
21447
6962
21019
39968
32060
46092
25382
32707
7473
5230
11397
31312
14514
35480
15211
14608
18903
39034
49056
40038
45267
27971
19281
46193
3111
13018
33543
9142
9901
1420
210
34230
18090
11438
37426
9521
23606
43477
44489
7315
17988
16639
42261
30212
13890
24992
17688
4217
44078
18254
3804
31842
19
12441
20071
37238
38397
44915
14772
552
43114
37825
23470
46042
38548
5169
12222
28986
38662
33278
16670
39091
21072
31232
14625
11468
11219
4824
35848
20160
17858
36823
1436
40544
12779
40041
19366
18085
15810
49996
29141
40364
31465
39197
10828
44379
20847
33738
39206
23370
23680
5361
6395
6246
20025
23005
1730
31748
2043
37917
16696
31580
48710
4770
33973
8703
3500
24672
38606
22256
33466
11911
40653
3849
8538
28998
36373
34602
9941
26701
8611
23030
10636
16762
36908
23152
39052
40927
12367
27648
23683
28610
13611
12014
35921
16960
35904
39636
49949
9103
48188
21349
45149
47352
3636
39808
43688
12151
13634
12824
25877
21644
45355
8436
27022
10113
31133
41830
16611
10400
39227
27872
15023
31342
37831
49307
7133
31416
40274
7278
22502
20734
41491
32856
16059
3223
26383
44862
14838
15971
24475
23413
37654
36243
667
6213
21192
43023
33726
43624
17310
15986
9238
34286
21359
29797
245
42145
44779
12512
29080
30842
14131
16451
46974
235
5522
17603
39020
13029
27678
151
15960
40710
11751
14873
24870
42108
32314
49433
4123
47331
4731
2997
13153
7341
19763
32958
18540
31685
4668
42872
44817
20775
35458
9636
26841
34594
17317
22363
6277
3290
5355
45925
862
20597
2040
31197
16539
45543
29696
49808
21717
45774
5066
49028
38723
18542
30833
36704
22
13046
11009
49285
35742
39188
38336
24531
13847
6745
19641
11726
35637
44251
27708
35559
35951
24282
21132
22801
36525
37231
18129
16429
49129
30813
10025
48206
25851
7799
21958
45098
36656
16218
35225
4284
44989
48190
16353
37735
39697
38856
20135
9530
8597
18454
24921
12736
20755
19823
35977
19040
7486
985
25795
19019
655
44492
49440
15942
17324
10871
41418
16972
2321
12565
49912
18997
20618
47731
516
43396
20230
45034
17944
43230
3013
16921
28453
48581
4445
46524
9451
38667
37405
1442
13961
40306
28087
49695
33522
16467
42751
27987
13888
33591
34826
43124
19348
45409
27217
44133
2669
42466
36342
27936
26314
68
2263
43193
42299
41344
24786
44086
24758
4903
2973
27672
37859
24370
27113
26835
5735
18435
48060
10339
33155
19394
3083
29644
152
46849
44892
35220
8817
42381
32148
14863
48456
13482
24014
48386
22341
34918
26533
13597
47898
10666
37100
7101
2700
19951
14261
21314
2807
48642
49377
9374
32004
31624
28502
33660
15842
11761
8845
37122
27161
18911
33825
31777
45523
42598
38798
15099
34528
35462
30890
47880
44222
41052
12579
3711
30430
11289
35316
28853
9829
47263
33343
24050
7076
29702
24820
38057
39144
10225
19850
13789
5543
34228
23402
16324
34277
11656
21109
1806
37520
1302
39762
37019
21086
29453
30265
1094
49126
38486
27296
32546
28638
40817
39247
14109
14603
13376
3611
8814
23506
45112
5525
30421
41655
9239
41111
38538
30197
35729
40300
46168
28969
31659
15117
20099
19642
34469
40692
36730
10045
20443
3553
35108
38597
49335
13638
29993
49229
73
43436
38422
35631
6487
43629
24862
48579
48586
33330
18443
45530
362
22138
34511
14928
32490
34518
5035
7185
24794
46097
22927
7273
5935
20357
2750
31263
9957
34241
14680
37319
33648
19431
34929
42360
23124
4506
12998
5168
4939
5101
6372
9821
46117
23456
48767
22019
47321
14254
30939
4133
15055
3955
36248
30679
45276
37489
24915
31982
46228
17872
20356
2724
36535
163
34487
31364
31265
3374
45851
19058
30549
26494
8580
1273
33469
2492
7079
42355
11483
11417
12751
15889
23236
8604
10735
11260
4790
34226
6147
43936
26107
5276
25343
6726
28528
45747
9086
9409
17807
45459
25334
33382
36394
6818
47572
26515
17652
46154
36265
17848
47323
10307
33592
39961
5160
15132
31154
47387
1858
6633
32286
45669
26702
8897
44366
23910
5139
17110
13339
21001
37158
40689
8924
5798
16229
4996
4065
26196
10580
24995
789
22896
9805
27035
19883
18504
16198
36303
10502
14130
42463
42255
11088
2319
37118
18556
35426
2399
44353
30036
19418
3806
33556
15806
43724
8369
22076
5325
7291
30671
26991
3146
36897
47170
37016
31024
6864
28578
39962
6189
26973
12864
14144
10216
6939
38243
11749
14614
40416
45130
40325
11841
15358
32498
25927
413
47383
18219
2015
6653
42555
7314
28012
21972
26718
28128
31370
31946
10003
7447
7384
15629
46464
38544
12605
2918
27536
38288
971
4051
15328
14565
48872
16991
12172
40669
35881
43883
35572
10290
25163
44782
38694
14149
45788
11830
20089
23870
49182
22400
43855
28103
36792
18104
15223
29747
36151
48120
10646
7045
2679
19167
15438
25123
27864
9675
6756
41509
43675
42521
33554
34292
49570
28006
45462
37808
27699
41570
20898
41867
47094
20762
29773
3419
12855
4834
707
31168
3324
7534
37550
30504
30460
4718
19531
25691
14539
3094
24167
24142
47077
34894
6975
42497
8594
47259
11277
43432
10376
34296
45138
20711
40136
35361
21296
23172
18397
32676
39367
36560
27352
30533
29850
34695
13004
32038
30745
10673
19069
21936
6989
37814
4159
6898
5787
10923
12932
46479
20082
20221
10142
46787
21202
5446
8424
12443
13623
7451
5091
24876
19587
8270
18036
5648
1480
32622
31929
19195
48877
8163
9258
14123
14718
34546
14442
22712
9686
46431
41585
6478
10437
6247
44213
9262
35018
24039
44114
9669
33761
12196
22471
18145
31628
23497
43872
4502
5672
12442
246
20612
7497
4575
42898
47818
45771
26105
36770
48864
21123
2462
38009
34615
33109
20300
26925
19398
29617
30472
24509
41070
41253
7702
24697
42161
3883
30071
31680
8150
18675
31966
32728
44556
46582
30026
14369
240
42245
3067
33655
26510
16414
43858
7233
30035
46704
40606
23535
12020
15374
12090
21596
30335
32872
17168
26938
47784
5222
4191
38832
1282
8998
28450
18307
41757
47032
18159
14870
20650
22518
45706
19836
17444
13728
11863
49865
38412
36131
28287
6909
20118
41902
37308
27515
6044
47193
21058
37703
4226
3584
16727
47758
16729
1688
32501
15843
39971
35726
9674
8717
5906
30262
7693
23454
24095
22696
38362
46038
16509
9599
45635
15880
25728
4860
44907
9663
36403
33227
38862
48965
47527
29287
1853
8348
4611
37072
41240
22462
9483
45372
5985
14183
17252
15007
47531
23272
24426
24277
10098
31189
28205
38927
42705
29134
18795
8892
11667
8766
29601
30639
47694
19530
46015
25780
12452
48316
21812
18660
13369
1964
46313
43623
12251
49247
26337
18444
30366
13606
36262
46975
21294
12503
23883
11798
32716
20395
43540
40292
14046
6627
17418
49025
17281
25470
23351
45717
19051
33613
42768
32171
10337
36553
28929
49764
13241
27337
18892
31037
18996
41440
35661
35236
49257
26678
40864
37420
31853
47807
46152
20461
25011
42574
38162
33111
47894
49191
2434
20502
41676
48042
49936
7294
32578
6705
21290
25623
46744
21334
25303
10291
39572
1279
21121
18692
25832
24173
8110
3858
32591
27837
3501
5437
28019
4783
4618
1078
21350
28379
44462
36748
9026
43341
45431
46713
13881
10853
6365
42994
43785
10934
47521
13962
9511
31186
17706
42843
47036
24066
44056
37067
37824
48405
20472
7461
46302
29924
18930
29739
5397
36918
22187
34223
12085
39453
9211
31986
30420
47785
35533
31283
39199
35251
13717
40303
40101
47083
12456
48503
23730
21559
6531
43437
43016
24055
14338
32156
25736
5602
10312
47697
7556
38017
34903
15330
29234
31233
29148
615
33794
1622
37157
31403
30771
12392
36266
44836
36434
36029
17158
25404
4541
27957
40790
39556
14020
3691
33676
50
25604
46227
23400
31106
36050
37597
46024
48165
13807
40229
27112
22197
14471
40181
27058
41383
17747
25308
39890
6282
43802
34628
13370
32724
37245
36983
36099
37088
37444
20518
34073
42123
30637
49064
27483
32176
44952
44554
45008
16517
24638
39434
38153
1028
14783
23115
4638
3545
18337
34314
27707
6439
1706
23023
24570
2706
31538
47429
5776
27070
512
19470
17974
32146
10930
3706
14847
44881
41395
22694
44775
24009
43539
38986
428
48098
5968
11555
19659
29186
40494
32575
35574
22543
40474
42149
33431
3149
6991
39801
38005
5861
48921
44713
28601
43112
33182
109
18899
21683
7244
1277
44548
27435
21847
48568
10092
15171
11599
5884
27821
4364
45146
42556
30223
9025
26839
39600
34483
49181
24938
41904
40729
45231
47419
46298
35382
30546
8245
10590
19279
27336
27527
3023
14572
21236
43165
33865
23284
37606
18361
20693
30080
37751
16302
47156
40719
27581
21010
25654
3705
26932
37139
47715
19053
16078
45612
20517
14323
20827
48696
17765
40144
39048
34549
22475
6174
27395
4246
32273
12986
38159
10309
27979
3007
20296
14765
11453
44339
3819
6083
37737
4691
40043
10375
21129
10351
33224
30702
26635
41544
26880
27569
28888
27997
26136
6036
42246
12279
42681
40833
37780
14731
11814
10056
10829
44829
8670
17406
49228
17367
36878
40810
35737
33896
35542
369
19355
31010
18666
33928
18982
36875
274
23717
35461
37580
14998
7526
3983
36521
2636
42244
28371
12259
11803
32563
16170
10523
48034
13795
45116
31458
32442
44996
27196
29431
34883
7694
38601
18761
7414
20068
9812
594
2609
31205
3597
9573
22186
21203
48226
20854
24609
36218
10473
13128
11173
35138
35657
4593
43619
19593
9608
8933
46599
39806
44683
27995
29972
44698
44212
16267
39672
2129
