29380
47143
3564
29092
34601
4765
38900
23221
45391
5322
40807
16116
32931
2848
29748
373
614
31863
25037
27502
3859
39904
15866
44369
13915
33363
14488
46763
41068
15494
22142
42175
10212
17422
44426
16137
33934
44298
8425
42618
12817
32076
12785
25659
40612
14482
24387
43504
6276
15236
3893
37022
40485
43451
30652
45800
1039
44508
4935
43814
18951
26846
24881
17395
20824
3548
9890
49628
2882
38410
35418
39149
29606
34919
2639
31715
23002
27706
21777
16903
1185
27128
47061
866
26045
10020
35209
17383
34646
8079
44653
7328
9375
35991
18271
37646
18102
39966
36606
23847
33573
39392
33999
35248
31700
1885
37063
2574
14137
3964
12095
47048
21144
40708
44463
29513
49656
15113
45156
10637
25578
38980
41277
28650
9905
27202
14520
25748
26286
42166
47336
18763
15893
481
27059
38342
33895
5604
44275
29140
9925
4574
13060
27427
3263
32718
8207
24374
4516
12131
1214
48147
19317
27497
40245
2652
15767
43667
1589
8258
36231
11218
12430
38536
40334
16010
10043
43754
276
5775
43301
35059
47326
42476
9984
23997
14698
37674
34568
4861
10729
26177
33780
29336
6328
2435
33258
17140
16763
11487
37870
12029
25462
30605
14499
36427
8410
32790
22449
8268
8733
23240
5657
7528
11734
1811
13561
20295
39691
16297
38419
47401
45679
3880
24543
14468
25083
31586
16825
41682
43220
35475
41124
8953
43698
39213
20722
7784
44805
3375
8072
2066
43375
18864
8569
35369
2277
45564
37738
21054
13594
22844
33516
12477
31648
46380
17568
2413
40542
24792
33831
46192
30271
42332
16939
21231
35835
46338
18291
392
26607
26656
4060
10589
13069
49497
40984
6640
14509
34831
29641
36491
36148
16169
48257
44662
35132
33160
18920
48978
27175
3102
48556
25609
31201
29653
32411
43363
47418
30645
20035
46486
40287
3694
48842
5089
28302
16002
341
11563
33700
18402
49050
49941
20180
49018
34724
30537
48013
7543
40379
605
34022
20709
46113
41266
26632
29980
16752
10686
26592
46434
8549
23738
11615
15992
42272
37758
42435
5216
44906
1376
17764
11060
6260
38586
26764
2342
42945
10215
25212
13260
38753
16115
24521
33117
32483
37065
17458
4552
8102
8702
14712
18737
8774
40411
5614
11919
36786
3891
49100
1234
25244
24755
28584
38254
43777
8655
19529
22924
10513
8190
25814
2617
34283
21310
40619
41167
33148
48419
15636
8558
15509
30093
31004
4619
47946
14347
14754
39574
9799
40741
33268
21119
5770
37619
37103
40018
41300
21533
22055
33050
11163
11580
15797
44488
22503
34637
743
45013
15984
27642
2630
17244
9439
9998
24441
9179
9646
7148
20442
26331
39455
34278
9898
17002
6701
11782
7913
46463
11614
16133
11007
18926
36388
19598
37468
14795
4856
5827
36614
45268
2568
20307
8201
226
3231
466
16925
17924
29822
43853
40822
13444
46592
41861
34862
37505
12977
978
43547
39936
24654
7673
13244
45810
30661
10846
24595
49705
20994
3743
20829
27319
35649
10790
12292
29314
48899
22048
10249
227
34832
29315
28906
49225
46051
43232
24206
14376
40423
21720
2731
39333
41289
41984
34162
41978
21813
37081
35207
15506
43006
44158
41061
4953
44433
14878
2200
16180
1153
49787
6608
46643
28688
22175
37920
17014
23127
15306
39987
13065
39234
9535
17970
48901
5070
37491
47582
17593
14668
24284
43600
30560
24512
7735
31208
22108
44541
49151
1021
8571
5202
35827
15512
35070
38562
36343
26074
19570
41723
25685
8191
21283
43416
18062
29299
4444
23332
3414
12828
42239
10644
2883
6703
28530
43167
32941
43206
31634
47423
3779
7740
12451
42060
1455
12102
962
25909
28873
6121
32665
7430
12814
7936
20674
41911
39402
44220
37689
21585
13129
3485
27802
10564
35021
1681
10292
7048
12231
48675
24607
44004
37849
19079
36591
3483
2328
20951
37412
37047
41686
21080
26636
12350
20895
31830
23752
12232
94
47745
17017
5149
46078
46003
28335
27251
17694
44168
44971
28532
28192
28326
23806
11776
29512
26424
20605
49426
22747
43859
41170
14249
25201
42410
18859
13843
761
44557
7721
48215
15891
40602
25817
40220
28265
47606
31969
28024
39373
16299
43207
45899
45672
27402
45212
11824
4562
8332
14851
14890
1660
29711
17580
28876
6969
12521
49919
22552
24121
34721
34927
5146
43710
29761
18413
26230
21151
14716
22833
24228
17701
311
44828
23015
28352
8221
33742
4145
42734
15559
25278
22013
38795
6550
44272
18123
5356
13897
7659
22636
7548
16012
19448
10839
22043
15950
33611
47151
7728
12551
49021
39109
19351
34108
33745
25874
10882
18425
44841
12774
12903
10642
9946
6670
19764
6068
14643
33399
8794
1541
23923
37666
42710
18696
7350
4101
49733
14966
12064
27238
41110
14900
33440
41922
7338
27178
44385
5951
34618
35371
48000
617
31107
49230
19765
44448
31395
6130
46238
26450
20197
24620
49438
45427
14101
27650
36751
43098
38878
12025
18388
27195
30821
3346
41075
24833
17856
26059
35644
16577
30227
27509
45455
38919
28580
24665
8729
8995
38929
33708
22835
44644
43367
25564
13492
2538
49329
8275
23138
24835
1440
5248
35306
8195
14435
26696
38311
14903
2894
42717
4748
25833
36699
49617
8610
20051
28734
26568
2867
13448
44539
5299
10801
36095
45855
30511
48259
32136
14423
41933
9420
21750
3847
19977
44392
26734
27264
47727
46563
16314
31375
15813
22755
23147
39847
36025
40231
17559
24798
38234
16747
28705
27328
4220
34219
6305
16616
23074
15121
39983
48547
36408
37137
27705
37212
24223
21210
3235
44351
11705
9763
18385
22570
5238
6011
300
9629
29637
28557
25536
41299
35673
46315
43593
20839
5867
21102
33498
2136
48169
27480
2789
41194
5471
41488
30470
12043
39925
17086
32049
4376
42928
42995
48480
11815
20551
36268
30111
47498
1139
44510
37856
4426
48530
41014
17016
43631
29126
45795
14062
25912
40463
9518
30405
9101
43331
46957
2087
12693
22843
10155
42687
26990
39242
42848
43513
17818
31813
4293
29730
2936
8454
8144
16732
34320
19785
5537
16819
47294
2098
2372
29354
19384
23496
16693
11168
42020
10360
21819
31230
19874
33644
11354
4521
10241
17329
24684
10935
41661
45998
47710
29503
9954
8182
218
31941
35488
26803
37934
2191
9033
37932
22729
9660
34925
11194
12583
6921
3164
3331
48321
22988
13891
46125
25161
2346
43781
18586
47200
19158
49069
41894
41459
34653
25496
47508
30110
47010
16906
39671
19039
13415
31294
7116
7308
32706
12067
33836
24210
23636
33445
38889
31496
46813
35140
49730
40583
28410
10505
31531
31020
7555
42234
19280
49817
28517
18573
37581
34960
45838
18717
30751
21650
21034
37446
1372
48594
35833
7194
11252
6028
17380
3569
14308
43365
15907
12376
32141
26593
22459
10842
9952
45864
26758
33291
7008
13486
33137
8485
37232
12519
30531
2467
22539
35681
42774
32330
15034
31636
49020
9144
40176
502
7047
30258
7662
19270
3889
25478
35148
28281
18819
28618
14835
31275
45738
20061
22297
36539
44783
36152
22845
37361
29048
41667
42107
26765
31486
17407
32310
30102
709
3586
3185
11089
46826
41405
3259
8024
37128
22987
34930
30117
5550
28348
25381
19207
1798
17779
12472
16208
17892
26541
21940
5340
5219
49781
32858
26768
37374
29645
26588
35451
18837
20621
43469
13936
43658
34062
48906
45006
36756
7258
22672
9249
25695
36006
49721
16415
48545
45303
45109
20130
40020
21824
35405
35656
45785
21623
3440
4526
49093
34608
39520
33449
2826
36116
18146
24168
1475
38022
45713
21656
32278
29076
38459
37742
18210
43059
40226
7125
40160
42757
24071
6511
1951
43385
14986
40073
36157
44192
10066
29478
34184
41102
42021
36273
47830
27254
5162
28597
27620
26876
20121
36969
48742
39950
49044
22809
48909
21736
5475
1556
31150
13254
22560
17631
43013
46286
31406
1511
23590
41478
23326
78
31626
3956
30476
15937
48524
24696
48377
21459
48040
3490
49009
4128
9737
33177
29397
9700
22193
46919
12811
9135
21727
45217
49872
28149
27413
43237
46081
18663
46805
14702
6782
21085
4799
36027
38171
23401
5615
6319
3340
41705
44139
44943
20571
3457
46136
10937
36588
41845
15246
8609
13371
41372
27586
48768
15247
31913
29260
9574
3287
36812
14485
28091
34914
33980
11714
16070
16869
15545
27786
41134
13502
8210
16209
34510
43877
32695
49918
12969
20143
12225
11386
4829
45850
1965
12425
6980
23068
42479
34155
49197
6883
14313
36738
38702
8162
18462
41874
38945
34658
47541
39021
3763
22135
18833
28717
1969
8161
35246
43126
23461
43105
35009
24330
11625
9591
22919
42789
18362
20330
5065
27317
42206
9570
8262
24031
17572
38697
21826
16780
13530
29834
9152
9702
46423
36970
22842
25545
43707
34853
43812
3109
21015
7931
18412
6405
39903
6700
41815
5799
42122
9943
6491
36275
10634
36930
28880
30097
39989
43850
9968
49478
1553
21739
48331
44047
2127
15156
5966
31740
48183
41364
30213
39778
34934
1916
16018
6658
49600
3728
33814
28155
26598
46110
11294
13602
20714
10383
27115
7837
38097
26160
8370
19449
46295
20346
38504
35804
42195
41035
4302
11419
42028
28772
5260
33133
28786
29442
33041
47494
37133
23815
39885
3190
38684
3105
47467
12391
26626
22923
23250
23380
8420
4197
23807
16452
17455
40314
6669
24490
34439
16872
42417
15471
14574
174
45921
5520
34486
36676
38229
34465
22011
8286
22030
13725
13053
22377
1109
35937
33721
10722
25713
39868
45250
27136
21552
1568
30960
16805
45625
9304
1202
44020
26462
10048
3000
27013
49273
29950
20918
22028
17243
28773
42740
21256
15819
42738
9338
10999
10958
35669
27662
21783
5859
38126
2359
16759
19750
46939
29523
49170
10611
4266
24727
42783
46512
27753
8183
23942
47219
41853
597
45152
27250
11055
8781
37861
20648
26253
21299
18259
1160
49544
10293
12639
5598
17821
17446
32145
7439
25509
42086
40954
29050
26111
13593
10017
36890
16411
8330
4827
15361
7567
23018
34978
28361
47683
12032
10255
37669
47044
16746
46515
38442
8122
47526
12366
21347
49078
6913
20806
4422
21524
6855
4219
21899
16897
14263
43874
34585
49605
49204
47441
26997
24236
42487
23354
13654
8279
21619
15656
48016
39945
19906
22202
15267
43364
17877
23958
14397
12103
13834
34692
28913
18293
32459
48699
43923
2245
1712
49030
13772
27718
2450
42314
9816
36996
2122
43743
24067
47644
34350
17546
3377
3393
3948
49947
35397
33002
12510
36665
31916
15170
41103
29737
35515
32225
30384
4750
48179
12334
4400
47917
16445
28561
26459
20343
14087
4328
9950
29111
34182
31998
47883
20906
6993
41582
21702
24171
21201
14490
25818
23954
22491
8823
25579
24377
31271
19627
13469
25299
30151
20120
26865
16893
36047
2415
10224
45396
8143
42640
41669
36976
37342
12368
38511
24230
16514
27259
47626
37775
18512
4864
22582
12921
29835
21222
8829
37691
11542
18455
9949
22837
32201
36916
25098
5490
27247
26602
3354
35760
5786
7656
8080
48889
31751
10633
16689
43620
7574
42544
29172
13319
36177
17707
46077
45315
41003
10766
47120
41711
42109
12110
14882
33066
8930
10392
17507
47813
2363
33993
904
41618
42059
13021
669
38454
8260
47305
42985
19797
44857
28676
27659
10719
24265
15143
33657
38805
13987
23511
9931
30630
15441
48394
26936
20137
25776
43386
32571
2486
27313
7670
979
9441
19852
46746
47909
27649
38603
47867
15760
1654
10046
45114
39470
13196
31290
14670
39703
12307
30655
45616
44336
1826
6452
28654
45381
41766
20243
30474
5594
33408
49243
3717
27469
38119
39186
1644
26638
45189
13905
9102
36199
45286
25941
6897
24920
37569
22964
28755
29891
31866
17338
28590
4224
693
9061
31393
37639
44614
16587
30125
2839
20363
43927
23739
34410
28388
45756
18114
12117
1148
30790
18829
39202
10765
7059
32947
11952
49564
16961
40848
19168
27100
29597
37942
41523
925
1269
45689
1018
32969
16328
32643
17286
13510
25893
16139
4969
10262
32169
46528
30109
32890
17199
38213
30077
9105
22137
24205
21066
18807
47126
40301
38395
4978
14943
15307
38794
46145
27939
48961
8247
34604
41820
18507
5756
37602
28489
13472
20654
22205
47975
7386
13231
26838
29291
5754
42849
30132
40071
43765
2999
46218
37731
40631
24883
3866
15578
18502
4055
48731
30881
34570
25003
33016
30225
16200
18042
23072
27946
39439
31470
5676
36600
32029
20450
33664
20967
49114
13568
43586
25675
43582
4175
13395
1557
46416
44324
18658
7155
14914
14555
12723
2913
48309
13959
38923
11892
31476
14933
25216
36326
9937
36701
40195
37923
153
17556
35276
21229
6943
28962
32031
12687
4275
28294
41360
9804
12912
32747
18762
42005
47964
8020
36126
43093
3714
43107
13618
37470
2071
29549
31543
36035
26473
41680
15808
13680
3492
9835
2260
18915
21776
107
32942
29969
40351
48356
2726
48050
19252
14337
6253
27968
10484
40608
12556
41442
10410
999
49482
27806
29342
32641
31226
13980
12119
15798
28843
21261
45222
31620
19320
43842
40051
15207
851
31091
37900
33552
43387
13392
33962
14322
47629
1922
3619
426
20101
28425
37006
37986
30540
27925
8496
34084
14477
1849
29393
39414
30349
27991
21465
1091
25864
48992
30732
44343
45554
24650
16311
39318
3370
1093
30889
31631
47757
19169
17148
29411
38369
14432
573
29304
38074
24981
18764
49927
30137
29110
3206
31781
9355
39602
17619
46030
36912
17121
20899
24433
13387
48083
24796
43307
26731
27140
41376
35165
4203
17236
47167
173
11094
47672
48477
39742
12839
36217
24303
33682
17055
36814
4874
31248
8929
43153
12242
46525
30867
40989
30155
45125
32196
1754
42620
14875
21089
22895
34757
29818
491
35993
40151
30140
49455
27950
13283
5544
37498
41339
7354
24998
32912
18894
17392
8671
47507
18743
18156
14522
19863
24098
41687
11624
42966
45884
34634
47359
32764
48736
43796
24473
40800
2500
26700
47769
37598
31240
45469
19437
47485
20031
37790
36332
37537
36335
35053
4463
15017
43446
22232
47544
7729
29459
27859
9288
4319
46899
17400
25065
34027
31031
12962
33768
24558
26676
11953
47820
45698
46635
607
42513
24711
15915
34403
28854
6866
44847
44914
2621
25287
35932
24813
7266
47059
35055
27893
37736
28756
7032
44838
38896
3198
7364
4153
35802
4260
17778
5505
48828
49661
6358
17141
34833
3748
17740
17399
42092
25157
10726
42100
7429
24353
49682
38997
6088
39975
6355
3616
39441
42363
45421
27711
10509
11437
19835
40382
21233
9563
29842
277
48319
47988
48303
12068
8674
1942
35712
9622
13658
34048
38792
34880
49882
21677
1417
33873
44676
38202
49333
37331
47463
28283
56
24575
34186
45583
46289
27838
30107
20809
11405
28516
7601
16403
12890
7117
37360
13592
19222
8188
7398
20837
38507
49577
1750
27999
3156
32862
29127
36127
6965
11899
6533
12701
8464
24363
1634
37151
45153
37396
43273
46441
24651
17027
35034
25550
20940
31708
46984
33163
30395
22099
42111
44337
25870
33331
46916
46925
37101
7162
28870
2028
13057
6797
30662
37958
16566
46853
21610
30017
45083
43259
21855
34702
16748
26845
42524
37312
44821
22059
17659
48396
31753
48201
43004
7899
32240
28169
7524
3991
36564
11792
4663
20482
39134
8309
15351
37378
18309
43624
34430
5025
44342
20755
36360
242
28672
2650
25657
38769
2409
30741
43611
37284
18871
48650
12799
26232
9978
30563
32985
862
42391
17248
1635
6750
32694
48190
41537
37457
13046
32628
29259
47145
8699
7982
24289
32126
13607
8820
10631
43912
45686
39537
43210
44028
27127
16285
351
9339
2252
30920
24897
43601
21313
21292
34662
14845
16982
30496
19013
1371
15536
5728
23917
28042
46915
8697
16097
13866
552
49440
11182
21047
19556
9131
40164
39068
40920
19419
22567
9977
29427
22863
26798
45944
25169
26042
34696
49962
41830
7881
6962
13719
22885
31042
23324
33536
14392
24950
9785
37638
31140
32762
20025
22439
35278
39034
23539
37956
38834
14679
22337
24321
37287
28722
36687
20106
18801
40568
20104
9742
14508
6960
32966
28990
4786
22242
25358
47578
23502
38148
46492
28222
16915
13335
36062
28992
48747
22295
15440
34754
1246
15349
32637
20767
31353
6968
5740
31384
26054
32334
35817
34798
11654
25795
47474
34992
23896
18655
28382
1101
23527
16913
36304
655
3823
4190
16874
46495
33548
24717
10794
39639
36620
44274
9197
20921
32125
11875
28956
23878
39401
31232
4217
14443
368
15063
24479
9125
5020
18407
46868
28504
13143
29136
30149
18542
27474
16067
33608
33799
42923
27240
49351
13939
15534
2893
38973
8617
41749
35221
43070
7091
30800
937
11066
17715
44379
46377
40879
10551
36282
34875
25844
3698
38845
3207
20487
20027
36861
12788
22351
24382
10431
4550
38309
24198
36943
34447
26366
40617
16424
12057
23956
31948
30938
20887
36290
19501
20881
27927
45970
3504
44489
38461
39457
5291
143
9360
20548
13120
19559
27687
39823
17283
43481
39889
36947
46042
11964
43666
25914
46307
15657
21756
37699
46007
19239
23618
22058
35435
48593
5353
15771
45753
25678
20225
37735
3521
44814
22550
18005
5723
32435
32191
12804
42416
46388
45298
34612
19308
4391
35222
43258
17523
4824
49311
25967
6300
9797
49462
49135
16387
588
14828
46263
48167
14291
29357
23499
3976
46760
14411
15726
43380
33812
38189
47833
25519
48956
15165
9833
16398
41260
2694
3192
45900
48446
13949
8231
10676
25397
22786
37922
23036
36164
14629
24186
38462
39516
14622
46306
7732
35830
49343
45826
13188
10036
49171
4911
29089
45751
32390
30394
327
23230
12657
7958
21806
49639
17936
12077
20238
10013
13080
2276
41203
30033
2179
3636
24782
27363
26444
29365
32187
38653
19250
40300
26441
25310
27574
14863
33151
3487
9486
10348
46818
35869
18139
21508
34708
35814
37902
45034
47673
35426
49103
41735
33495
31739
3035
33592
17059
35239
36239
26343
52
11796
46875
16088
37430
20166
48848
4238
7273
551
21344
32740
41854
3255
8430
29047
8343
35972
6841
16666
7577
6538
22892
34807
23940
2256
32296
14319
4114
7027
24898
19037
46370
26779
29350
19461
27726
9454
48256
30030
14531
8624
13146
23988
30599
35512
25102
38934
9184
32440
37601
49413
12572
27583
49695
31871
35005
5024
34707
13445
9347
9836
15067
15942
41655
22312
3592
46282
40570
38062
18556
40942
973
8907
43272
10339
48149
44826
8521
523
29016
6401
4258
49728
42268
33343
35329
8752
10034
14398
15391
20738
4736
16996
23873
47604
7416
26683
38180
11228
39180
42366
44769
40897
10047
289
21324
32594
5525
2611
6818
5577
10891
11146
45281
49961
13540
21904
9741
17549
5989
29619
19263
6696
40141
42114
13339
4480
4315
26991
37302
19478
49794
48198
25322
5034
32154
21367
36775
33019
36971
40230
24197
11502
25952
9225
36144
49470
43130
4112
18636
41959
26858
46300
26104
32073
33203
46518
33556
13136
41344
31117
14214
15732
33844
26217
6677
36535
43884
6423
31851
41784
20464
2275
29535
6320
40955
5798
39231
48826
38201
1833
30421
16260
10538
42353
20179
27635
34239
45480
12942
14109
3208
11697
27226
31589
10778
40266
10214
30447
11414
21735
43358
49760
10547
22704
37935
28735
73
47665
8038
20433
25033
13749
10106
22574
34165
31520
11426
17467
15148
46270
7894
38538
33968
36806
4441
30368
25334
17069
7725
19794
30781
18537
36256
19391
10789
9829
8596
19755
21276
39328
10114
16468
37802
17886
26673
42596
29592
32528
45589
49454
25154
32815
6218
18417
825
19997
23131
29916
21843
20848
727
13516
4065
6800
41319
37573
26670
46067
41783
31818
12269
15292
17040
17997
4386
8311
29648
12980
13888
14261
12627
14582
40026
6568
27565
35682
47058
40567
33397
8315
1369
18881
48029
49738
30538
37448
35220
31217
7598
45204
19443
13347
30397
6255
47189
40325
42466
33755
8921
46857
2553
42095
31262
1083
181
5748
30987
25594
35253
19821
25873
48438
20018
17618
47890
15514
27232
32414
11951
3317
24050
47185
16826
1352
15290
14219
11338
6966
17408
21718
8351
19026
26314
25968
13977
45563
22980
27217
14630
45230
2102
33374
45292
34876
4054
21622
40055
17581
27244
28721
47270
25764
47860
16716
31443
23973
45446
23681
23199
27541
9630
18645
2798
7484
18522
18232
27436
25472
47881
9269
18076
6478
30504
27364
27370
11069
6964
35912
26437
12866
7294
5701
41769
29676
17516
4222
37681
155
40886
30087
20841
37642
37583
33184
11141
22682
28493
793
8273
37362
49897
48261
21503
328
35177
15768
44672
47077
3038
36856
8401
11049
38925
2003
43423
24102
47886
39795
39184
22455
44362
2323
7109
40270
31266
39937
48836
49571
2640
26328
44444
34359
9960
48990
3165
17116
46138
43161
42763
47971
41059
14718
34910
8707
2805
49379
44759
29317
24564
33946
20650
25399
44981
35536
25072
27976
32540
2643
42325
43805
28125
870
7433
27715
37565
17418
3885
49389
5953
43678
5262
35315
41251
49953
41889
10442
22177
9540
19081
38800
16730
20749
8775
47179
31581
35679
39454
47193
22649
19557
6474
13788
45868
47608
33554
41315
16108
23153
27067
2923
8180
38523
9972
13157
29781
26720
18565
21058
2166
46761
309
29014
44807
4170
21710
34004
10975
4779
40255
41555
100
46309
2172
9572
10286
35321
20118
28537
34210
7310
9226
9693
33840
5283
4828
12481
36108
44888
5048
32465
5630
1011
29027
3624
44156
16132
14442
14049
32865
21699
48737
20466
35084
12115
29407
21667
21395
20209
609
3419
8672
40925
27490
11627
16651
31717
11900
18104
49235
28154
37988
24386
27507
12353
31903
20812
37307
20702
8982
36209
24554
41078
38322
4300
42006
42515
2979
28762
23205
47635
39419
19132
1106
26038
1080
18535
45138
24878
47762
15928
38700
33651
30106
47733
33441
17180
12197
25721
46636
29903
19658
31085
11488
9220
1967
34522
38589
11808
5091
39592
14587
18045
1452
48911
47389
43191
5054
25902
20239
34001
26898
501
21172
6565
12907
31037
10721
30872
7061
12090
7702
24976
43644
48920
2309
6756
24271
41629
4272
13460
11676
41761
3094
28586
38524
13851
12926
15161
31996
12041
33317
39563
3967
5716
39653
41572
31097
44310
8574
43817
8123
30633
34582
16414
11413
26220
16217
19621
2646
35707
44022
4474
39895
35139
28324
13923
9415
38645
16620
32547
10233
38867
46538
16140
20150
24752
4140
27532
21457
14318
29030
240
5904
23045
21830
40345
13426
1141
35416
34870
21175
18055
32671
49400
37703
43383
24347
17729
28985
7630
12688
33372
12201
13425
38002
23572
30366
21111
19502
31640
29319
29055
26214
44331
32619
12513
35876
9160
15914
8961
47652
44129
38081
10402
1821
24811
30640
47628
11842
14497
36200
34785
32041
36754
7249
24483
19290
1725
43788
25867
2448
38585
28635
26061
38024
8003
12187
15841
25560
46178
40233
24627
8773
32778
29091
22296
18260
4436
7512
32664
6201
2313
34271
35203
340
3671
28376
32407
21575
37490
44404
1043
19072
19976
3850
42387
7494
12383
6644
14357
22196
30898
46485
42106
8327
13337
44775
27524
17941
21045
3312
634
6997
28229
22959
44651
48718
19674
40699
37535
33075
42173
48982
9187
5511
6012
29168
5476
14420
46390
37314
40015
7691
27821
265
22475
11173
17313
12483
17977
45802
38820
28850
22543
26384
5691
23444
43199
1137
11422
12467
24125
3531
13074
41503
1190
36878
29435
31077
30064
33219
26201
23274
14177
4344
33887
43578
35670
38017
37067
7457
2086
11677
31533
16307
29114
40059
5622
3628
29148
18539
32921
13155
26597
34158
15330
35379
49793
307
32115
49360
4545
4111
24175
25839
26596
45146
39620
40812
443
1975
553
44050
46346
26868
23840
18740
45614
1201
48921
43108
38778
22915
36797
3199
9195
28774
6365
22497
17590
26691
102
28572
48435
13380
43354
9242
36223
49167
23464
12186
16773
18640
44606
49601
4684
4643
17918
10658
49662
23400
703
44902
38153
24188
31291
12664
4520
43271
35183
36807
11773
48455
36717
18175
3342
34726
6766
3932
26780
18937
49403
35642
35829
45612
17447
25507
36076
16382
20187
44983
5650
21837
33344
2347
43634
8510
49670
5496
1767
11786
37141
48292
16092
5637
8728
13298
32952
28932
28448
10859
10208
1353
38267
1947
5923
45090
42244
17765
5170
2055
2047
5437
10581
31758
11659
6431
18226
22252
47831
3597
23798
36898
8448
4623
32838
19601
21290
7292
17869
28778
22346
17704
28004
30901
49012
4754
6610
14271
33431
12413
23551
32242
19891
17163
28714
13063
38873
27570
41895
10118
49926
4416
18337
1672
37607
8975
3537
37597
44947
1465
13609
36329
34796
35178
2352
23633
33858
10504
9683
14100
17709
16602
16237
35372
35961
49945
24214
7608
31662
40414
37499
6310
10138
37387
40030
22367
29926
44588
32102
15337
42556
35533
18957
22685
4169
30566
13148
20004
964
18666
7960
49534
9106
12116
37762
13669
43673
46744
47944
19203
6951
45841
37575
15264
26941
27435
13827
24086
1241
22442
47569
42689
30051
29651
30360
27025
24723
2624
47177
32104
10996
1099
49783
13538
3099
18898
44479
25736
31815
6991
36541
36719
33665
46163
26348
24089
9028
29115
12245
19365
13739
36649
9919
47755
44952
24253
43419
39331
19311
36978
27245
