9236
10667
44731
48844
14479
18680
10776
38217
34547
17226
17422
11721
32432
13181
10675
49555
15439
16521
2322
33662
19749
5642
7847
34766
25762
10553
14343
41628
42644
22286
19094
37065
10689
16423
1123
23491
21386
6380
42711
43849
22997
10115
47227
34500
13570
16554
30324
5623
2660
35524
40197
30811
12915
31119
21195
32070
41452
14216
18940
14023
25290
48059
15580
43980
34828
2512
18298
16230
4967
26376
29596
33003
8741
40978
12062
40906
42784
16903
44653
37041
46689
35326
12910
34460
20045
38320
24351
38478
19015
19386
2707
1216
35963
33670
45182
20763
36322
11151
42844
41435
349
37619
30116
29655
7081
18018
33421
16160
45419
8392
9657
24488
41932
49615
36925
5843
12344
16002
13860
42786
7251
37189
26124
41600
39631
32398
33214
33148
5587
27128
19859
43660
28133
47176
42674
30913
43184
7423
27427
7782
32857
24057
32444
38010
11060
7547
33160
20070
5010
10796
25004
39584
16632
1740
12493
47253
39113
2490
38208
1338
19894
5743
10008
33831
2967
4673
22040
39725
28178
26724
32522
29338
17011
2861
28912
47220
15871
1988
27179
41772
9435
9755
30710
6054
5082
49349
16529
46701
12922
21064
37246
33453
40761
42399
14909
18231
29623
32206
47862
20743
16734
32190
3140
22641
40945
41879
18436
30645
25797
23660
22796
47381
30609
42320
12073
35417
26027
2882
44970
26918
18080
26144
47946
32316
13434
27415
13008
30595
49107
40635
332
31700
455
26018
43610
10197
40492
25477
20709
48560
21288
33797
22458
9566
32188
6702
39201
13069
5130
37334
24300
27216
43077
19828
37646
14597
37456
21573
31086
6188
41696
35149
38900
31481
44580
48514
22993
17792
8296
8695
33711
36228
16225
16552
13490
22370
20790
47991
10804
18508
4868
24844
48926
42166
12704
19317
39877
35283
26488
46297
49205
19329
24420
34750
812
20759
31728
32378
22904
15414
4919
25023
38675
18905
4048
20434
2264
11618
10355
17156
26824
20852
8376
9413
44001
18572
9619
15494
46366
3076
27724
34421
698
4653
24021
21639
46523
42722
21393
40022
47428
33347
23126
29413
45347
40113
10297
6503
28092
21439
1607
4540
8774
5093
11691
34101
44320
13549
129
37022
24957
32016
45927
28883
16963
27137
32247
44148
24642
28548
17862
8577
25746
26164
44307
3582
43829
1481
49
4314
45085
42205
14848
33325
43670
46108
6973
2169
21322
36323
31105
45123
44468
18106
9140
7757
31201
8833
28401
10267
30930
28052
3180
6240
5033
8778
12296
23602
9983
41222
20440
31969
40958
34701
48564
9232
26870
12702
21685
12102
17384
22552
34163
12622
962
16490
21094
9932
27019
43668
22303
5195
23107
23345
9118
7718
10458
15832
42913
11179
47968
1145
38785
1651
48078
28585
26452
644
42761
16745
10868
33650
14182
9267
38735
46051
26818
46718
27174
10377
4047
38270
45628
7738
13277
2289
5635
29023
2227
42927
4006
30238
24665
8944
7728
593
8566
39391
15275
31195
42276
13032
47535
32806
11361
24044
493
6285
312
6064
28975
18332
41502
12917
10479
5334
46693
34097
33847
22754
44423
21992
19699
15783
1724
27442
35840
23275
27330
20829
12150
15183
4739
46865
5860
29543
12335
17970
18844
15042
36520
10090
18562
29261
140
10678
22636
24590
24191
41666
15577
30293
761
25389
40184
35757
41946
48003
2445
28196
25306
15692
30165
5827
46786
12841
5811
29986
26158
5146
21498
46332
26740
40352
7495
1570
5211
26741
27228
13899
20107
39911
16985
12903
3034
8622
9582
13884
39892
10271
49590
47151
19792
4932
36236
36455
40363
48840
35953
30492
15903
48574
11134
6550
30227
28818
43085
49973
39674
47863
34690
49886
30553
39333
18526
41701
14451
12080
28274
14740
27238
24200
13740
36774
31395
16937
4363
16925
23361
45332
37590
16989
18117
21416
24381
44643
9439
30814
26509
24979
10839
41463
32348
37259
42413
28105
14502
28292
16755
22490
40427
3120
21118
48655
32486
7381
11132
19668
36537
39912
15469
27576
893
23897
38282
41563
2039
27404
34162
36081
15286
14445
26637
16286
35866
38223
21933
34533
13152
44767
28844
29813
42918
17734
44549
6969
40341
15779
21624
45228
26521
37650
38491
37476
6889
10576
44754
42443
23431
23837
9317
49045
39279
21150
36194
14593
27905
20119
4332
40808
22067
44571
22379
12643
38333
255
48845
20273
20312
39964
35440
14598
20742
38902
27178
4390
37916
10679
42606
21245
855
12949
12629
5181
17331
2994
40207
24616
30486
35531
7018
34675
13994
41072
37401
44827
9088
22088
33050
375
8419
28441
30083
28127
3231
26288
20311
41627
45715
3285
13647
12170
3233
28210
46741
3142
15306
27953
11799
14074
24038
12963
48053
47178
20595
18495
39250
20438
16723
33845
9946
39204
7977
12494
44671
11664
29675
28314
20840
13129
8350
2390
8216
15574
22763
29117
44204
46259
39771
31345
7379
23936
34982
17008
20753
1747
32913
21675
37929
18926
21829
5
40656
23160
19265
5356
25909
47390
49998
21422
8884
36872
15386
18354
41017
4557
753
33228
4797
22899
32526
29087
10378
37754
18101
35638
20850
12044
12693
39794
18586
6886
43465
11766
35862
41333
44995
27696
45367
47668
49666
30493
14285
31229
14811
42120
48137
23673
24919
26990
40623
19729
44467
26400
36261
16761
3982
40911
28618
12748
29135
10391
22726
36349
8780
38622
18733
9016
1727
44113
4616
35967
21487
2354
41236
30855
35347
20551
27476
33286
9440
49268
33822
26572
13698
35226
47411
42648
8936
21859
37368
35853
35482
45411
27091
45692
26070
16691
18241
20130
38170
37446
11187
46681
41231
16581
29126
46795
13007
47368
29058
38456
48146
18790
28443
41884
3454
49357
45041
43823
16176
45647
37952
6484
35460
19453
33047
7521
13232
15144
14364
19868
30778
48014
4220
10436
2193
31285
9455
35350
18880
7664
12219
33030
7037
46299
14899
40177
7056
21550
4471
38399
38981
12752
37336
7853
2217
15673
34885
14739
8017
27356
27076
43503
18086
30371
38907
12380
39389
9523
12623
8016
20125
28377
9297
26390
41273
37581
17212
41104
15788
35010
36863
44535
2126
14195
49870
9526
14317
39928
44622
46115
30505
11202
24166
44075
7635
32916
5151
1818
9420
48482
19298
48074
41481
30669
21039
23951
9556
20818
47294
35104
2033
43106
35718
30665
11467
40231
29853
49573
38623
2098
30405
17689
16867
10750
29531
29989
46405
17774
42020
41790
29470
21643
17522
39324
46118
41308
32136
31684
2957
20695
7542
28348
33412
43572
45074
544
48835
27470
21139
37268
18269
32642
37076
33776
12148
38605
27592
49686
35363
30232
26398
48833
47698
9518
12070
44783
23696
15852
35955
26058
47932
22869
22376
20220
26570
4306
43135
13898
6146
34654
15134
22563
12847
4196
24264
31850
27685
33054
37212
44427
46673
23041
46819
48692
47631
43078
49756
43041
26891
49877
5639
15314
26760
31057
44328
19258
39580
23705
11789
35477
48518
20077
48989
16593
22539
5647
28051
10498
47
47936
22841
12399
28224
35800
2007
33531
3253
20779
1566
41512
41125
48608
49016
4895
5758
22591
48
45838
26096
31318
26287
1981
29728
48676
27081
28333
5992
43244
48594
41411
36340
25921
10089
5933
13989
30511
30081
8440
48391
39426
48531
25757
35882
24409
13321
34340
26541
4902
15869
1077
41325
22446
22571
26442
33042
12317
16034
7696
43745
15654
8881
13177
38352
14756
15913
45229
4351
40087
49684
29658
39671
30874
16786
39960
11156
44159
38889
30478
41667
30791
26155
19224
21841
5824
1065
39310
9660
11511
9354
37626
45710
43680
26219
31519
39686
11194
12173
48073
18006
42354
25471
10101
25221
28242
20215
717
21326
18998
16271
36366
38360
29159
16808
45568
48243
10705
3087
7665
13822
37982
20849
12953
17096
23594
23772
22042
23122
19726
28330
47897
47997
40775
38825
23104
9307
43573
27246
39599
46468
13089
8738
33582
49233
30754
21174
8385
45711
46596
35549
43690
9008
19837
18865
9345
17321
28131
2326
39021
5870
35229
48063
46745
7346
4294
11625
16243
47132
17243
1510
12598
21749
20965
20626
10209
44039
9694
31912
25259
11234
1426
1961
6658
33874
39313
5086
37906
49386
38880
9574
46325
2930
14070
48118
29478
36124
7803
19375
49463
8918
27254
46496
6980
28028
40863
39609
19795
3801
28738
37161
5520
43737
12681
10439
46657
47717
44856
39151
3792
17441
29084
30288
47044
27263
3302
30058
36249
26005
1655
35007
4435
31844
14779
27938
4098
29523
11938
27544
43762
22916
44234
11632
41589
29793
31148
41271
20418
8986
37080
11480
47775
5209
6256
6540
49835
2699
287
17919
15284
16714
20204
4439
7412
9338
40226
18216
14313
1685
1897
40399
46204
25563
9926
40365
44913
13204
28811
19414
46605
38761
44635
11578
21914
37983
10788
25103
4630
36894
48914
12631
31260
41725
43339
32686
36633
4876
33210
47702
37180
8710
22253
20624
45211
47394
20531
12216
27064
25006
2933
29004
43493
19872
31934
41478
22028
33828
30789
22832
23884
41747
9912
20892
48686
40891
31542
46880
21193
6348
16904
6430
342
23695
25257
39300
39341
33633
48846
7924
17615
35154
30015
43233
44139
18474
8609
31544
40155
1496
8635
3763
28609
39410
1892
32980
7460
42590
12798
39924
24707
17650
12971
12612
18147
5097
5478
45901
42028
35124
15010
31178
845
32813
1555
17939
21736
18356
45191
27222
21551
40577
33801
46939
44628
9600
29001
41917
6014
17337
43800
17369
17505
36643
1499
20032
2197
19681
37904
37297
12032
24364
45128
24065
11764
9120
2348
11333
38945
15826
5277
5545
59
19922
15169
6930
8467
8133
46958
9944
7122
49273
23376
3615
16705
31527
2375
10929
14232
17053
28472
19871
46013
6555
42548
21544
38149
18412
12776
29861
46500
44893
25305
43978
40506
31013
24036
2521
43707
30452
35313
31016
41569
41384
7493
47523
16014
12391
19780
34437
21739
46081
25218
5963
16366
17098
6169
11998
18462
10293
46443
4346
30586
1778
49599
14751
1025
11324
1449
24869
20367
20163
13748
6186
11339
38956
4336
6914
5062
48296
9051
26965
41511
7220
5183
3552
995
8056
11293
6284
12454
13987
19134
4885
37294
21229
36204
7563
18690
22580
3252
14073
19704
25332
21341
49138
38033
25435
6990
7956
12484
45199
28317
9202
41100
4219
15734
175
38941
32519
13464
35526
49488
24504
26602
43927
31750
9779
30243
21041
27455
20828
24584
25480
19917
45566
31755
37901
9848
14256
7359
30561
18977
15203
44760
18028
2418
44061
40793
47855
29041
10838
48801
49947
6840
38730
19462
6720
47917
33226
40496
49187
1264
33473
25768
16264
21454
9824
18984
29787
35915
34840
27898
2245
46061
43874
30958
4738
13428
19650
33015
8403
3717
1863
33002
27891
20564
27342
18738
39803
1814
21304
16254
16220
44215
35622
31124
27921
32989
8554
29237
38015
37942
17992
32201
40949
4614
42760
33099
9234
9776
40757
40088
41441
951
6591
32280
12059
11138
26745
30156
15126
30442
17039
31084
20782
22698
38603
25818
9840
15454
32585
1221
9441
14429
48862
660
42969
14415
49421
3750
9102
21946
12737
42401
15530
47975
5229
43957
17412
42072
21194
13946
1575
42643
38661
11074
38281
6613
40846
17483
35397
31953
23932
5739
47344
11626
39829
40146
5931
45688
30725
25977
4212
5607
10426
39932
19790
3759
29827
40794
2257
18465
10615
2253
29161
22371
20253
7155
12408
16865
36096
25216
1450
24171
35151
39772
4057
343
49806
35395
17870
36372
33187
33066
11649
48884
3445
29083
39186
31939
41523
20306
32692
13292
17594
14925
29070
41554
46511
6204
41648
28620
13815
18699
10350
36934
37345
29125
34227
35186
669
9370
37775
36690
14600
2056
9713
29922
47015
6243
26326
6852
43172
1254
24659
28666
17823
1692
35250
32929
6586
34692
28744
42030
16465
44270
44007
42418
23814
38910
47305
10303
33334
14827
29698
15395
4969
43188
18536
4227
49023
32094
34464
42350
32491
9359
28892
16073
33369
19033
35180
18114
9592
23354
12921
7100
7301
4158
13785
16038
33095
46703
1712
2178
27812
14974
16518
33302
3001
5880
44003
43180
46319
29756
11878
21201
13513
3141
31627
13310
19952
12026
3821
3695
34215
30593
17634
18032
46521
10766
32069
41547
15802
2922
22946
27303
15703
38995
10661
32384
20157
13568
39576
11930
31434
49098
28751
44803
10654
37977
2116
10701
33816
18669
1595
41193
47623
4156
40580
48159
36764
40943
14557
3866
23255
36178
26772
45645
29605
3732
33719
30450
26946
30206
3798
14362
20342
46321
45299
14816
33692
5754
27518
22536
40854
24799
1984
14226
29361
5347
4301
44291
47374
18161
3112
47664
33590
18135
33673
20515
40889
39677
33997
23849
17392
32656
23007
2763
22224
7246
24875
15575
31631
20644
22978
23039
26751
1081
27408
22632
14004
29775
13288
46847
3153
1411
25026
8265
10509
30735
15336
26640
49866
16377
31439
14960
10413
9999
15029
16134
25589
37396
26014
47847
1503
49259
4728
37086
35932
20185
19083
18096
2026
3229
33138
3394
1847
35580
37484
30766
10397
31137
9316
46274
19800
1636
15527
38313
46929
39975
14762
2073
8134
11622
35680
8154
35386
34838
26221
13673
18581
28652
44087
19191
41997
19693
18277
813
2305
37749
46510
22003
40053
45271
24339
23121
19540
42966
44788
39282
12515
45083
10759
14076
3562
15032
42088
27150
46973
43879
24832
11847
3008
15233
44700
32184
35189
35055
23733
2147
239
16698
46715
11269
988
41318
7472
45887
38819
15312
24553
35941
33567
27345
14570
42932
24028
14663
27918
30393
34888
8923
1072
14734
37338
26909
2736
45178
42337
12839
23619
42503
5808
305
15485
5840
43651
27462
49753
27188
29603
8205
13930
26705
25390
41025
18087
13112
47810
38696
20860
49547
34057
35751
45891
22657
7158
49890
17400
30482
22487
49938
39645
19583
35534
34818
9677
14965
36587
24711
45260
32559
41037
11217
37750
4641
1943
44990
28251
9337
25171
6047
32942
23906
17508
35801
30477
30989
624
47463
16949
24244
48555
18001
21678
25408
13359
5830
18278
8320
43979
48571
19316
15319
12223
17175
16188
29304
30927
38775
41703
26313
20542
6707
11165
28425
6232
45108
31221
4548
32976
34812
44104
27348
35247
20603
44988
11603
42393
29020
15431
46288
36362
17305
1998
46239
43397
39463
6024
37632
27
20982
46264
24702
13781
44848
45473
10175
49155
28247
22073
12661
33295
3632
23146
42293
19182
31551
33606
6155
9388
48674
23544
25452
48474
18074
36899
18928
7454
13689
22879
25287
45331
31650
38144
45531
30279
35015
17055
41139
11513
45581
48010
45664
7476
1983
25655
44268
29816
43816
28094
33878
33464
24637
12701
27066
13579
25075
16701
18416
39647
15774
49242
48048
28777
32530
34220
3867
5698
40969
34391
23587
4330
5504
27495
25425
45179
9178
1474
46925
46534
33429
31833
29630
11166
21737
15074
41130
46700
43189
25432
21370
41420
19925
5690
37310
34880
41141
1911
28299
24998
4487
33297
19423
3265
27032
28757
15320
24340
19663
23234
28130
23494
21780
11636
2335
42524
29817
28995
28661
26520
7351
27690
26799
19819
33931
44024
13387
6215
43000
37874
41583
11610
27257
27377
25903
13610
17882
42092
15103
47858
4118
15846
31894
31656
36061
6854
24215
14940
40016
25595
11851
39010
37021
11110
34662
35340
3532
39200
18103
17680
2998
48214
30128
16670
27926
42529
24531
28980
30138
17691
29506
34156
6804
34324
10460
34795
15536
41009
6548
42196
27626
45806
5599
11588
47297
8651
23764
30033
525
32616
17697
48400
25067
49771
43481
15498
5177
27353
14042
4391
8827
24912
16337
38088
30563
43028
12447
15231
39120
43434
16762
10774
42099
41260
14553
10026
44365
25892
47369
20755
47536
28644
38508
21846
16398
38865
46317
38844
21359
667
937
23821
14027
33492
41327
42876
11233
5964
46124
8867
19501
33883
36903
48230
23987
24321
13949
31660
15805
28692
11780
48802
5032
7675
38318
34539
25397
1155
26364
37725
43995
22085
42077
25964
16675
21807
39161
35439
36284
8820
29847
31356
30938
31780
44883
17072
23499
32966
4152
30685
10517
9764
21588
13589
41709
17105
21079
41320
11191
34694
22752
22534
9237
48904
44597
21475
12146
47552
42436
11654
42872
39326
23040
48664
30666
1053
556
48184
3041
49361
24852
20238
17087
4234
24870
17476
31465
16713
45383
39978
31672
2252
12019
4590
48770
49046
48067
15517
42027
38537
21581
45750
36947
21481
41561
36282
3707
26841
32191
25417
7959
18325
46539
4403
24266
24728
39054
42250
15048
30828
22362
32537
11113
21155
721
5085
41064
23592
36720
46535
7020
19184
10984
22889
49412
5833
16756
26685
28501
4731
21463
48888
22081
16008
32868
47276
17282
8015
19556
16242
718
31270
45719
43026
43577
38677
15227
17554
26335
34563
37113
40074
35535
10649
43688
33201
2968
41796
15484
10165
31451
37097
5302
45300
17873
14236
44405
30427
9543
3458
34075
35903
20706
921
33425
18543
18974
26461
35114
38148
42980
19135
20687
21698
34621
47354
5134
47479
20986
34686
32648
41645
35659
16782
6510
7710
33548
10199
1175
15075
13455
46952
29381
9762
8737
15592
30390
40316
19268
44015
33381
5398
24225
29217
24497
18509
3730
33278
31948
5081
42510
4123
39657
8832
33491
4324
42540
48070
37717
22764
8633
4062
39842
22640
32340
21828
40425
6224
36285
34786
46009
41656
23734
18338
11792
31928
4926
33506
32880
4181
16789
33594
38534
4217
38475
32752
23339
7250
15804
3095
32759
4685
8617
11239
34762
28490
23596
29752
37890
40206
21560
10053
14212
26727
27996
39258
10510
34804
10400
35983
33012
30130
14629
27088
37564
29383
43482
13049
920
18420
34013
49603
31398
2937
8021
11833
20146
29913
45019
4187
8311
14446
45833
14944
17605
35888
12759
9725
29036
35767
2801
43370
10546
11595
29778
41390
13284
32668
20699
23292
5239
5295
20417
2541
26947
49796
40659
41854
17411
8653
44386
40829
40340
43256
4671
22706
25788
15037
26702
49141
27116
22625
18577
14214
46270
48486
46456
49809
39259
48523
43255
23784
43876
22653
37787
8719
34707
42719
1469
46034
14066
31357
20158
17254
20567
46896
34329
3104
15626
46806
9957
16175
3317
24995
11870
17618
18095
4981
48420
34356
47055
35046
4386
4218
10225
37100
21613
29208
4996
22204
35696
29535
2715
1309
36957
6865
46583
46694
1459
46671
2969
14611
7831
6850
10602
6197
8367
49961
29621
39246
34126
28206
5061
35982
5802
7895
45353
40859
38749
5317
44378
38220
913
41693
16941
7598
28727
17059
30897
20614
45294
28884
47058
1581
27035
13741
20989
42593
37658
16828
15072
7546
16000
32187
29671
29486
24141
24856
6739
49731
33174
38131
2750
16881
37661
28030
5518
7033
39629
23675
17037
27840
21601
21657
38067
19816
26422
37449
15551
36971
43929
21344
49038
28182
3213
10386
16021
30659
18793
43896
41575
15148
10466
13605
16192
37379
589
33618
26779
24988
27913
11484
28446
6235
48357
19349
42814
7291
25451
17378
47665
42868
2207
37186
36352
10858
17374
22772
19121
45147
13638
26406
25322
45817
26356
49270
4939
10891
42018
29369
3955
31359
24820
30431
40120
40464
33439
31982
5597
16870
41095
18037
45490
23131
44982
44076
13124
18973
36824
29914
36203
33727
47438
28118
1909
7940
2472
38595
41883
21735
37230
22730
41816
47817
21430
14556
25562
29064
5538
45027
3622
23903
3450
19821
41803
13950
48307
15933
45858
20436
34440
39810
16224
391
1561
42061
34599
44292
2449
25485
30216
25724
42812
38356
3711
8845
388
6822
22782
21268
39782
43782
11019
47169
19553
45224
28202
25266
25228
49162
13977
22592
23811
48466
28502
25365
42816
18292
35709
27396
36562
35426
20202
37306
25271
36133
39306
10538
19394
2022
45808
37791
2980
22599
13268
37472
10481
25711
30984
15998
8521
36815
31924
33843
35008
10712
39304
23415
46849
12464
4433
41850
38550
25213
27036
14757
39297
12572
16506
24233
34240
37525
32875
3699
9571
29900
17113
35120
30552
30939
36784
31192
37767
5536
27481
15235
14416
44509
7353
31093
2889
9462
28589
31807
21301
9823
47724
31818
19542
11848
45130
16227
10778
40533
17985
39077
37302
28639
26314
1997
23889
42360
12778
44123
8895
41841
16995
40251
5139
13614
9326
29399
28782
49191
26718
7118
36650
19132
4383
26055
10537
38453
15607
38348
42693
12442
49184
11248
23440
12834
45446
10903
49182
22426
35588
21249
8278
46176
13576
1512
37994
22465
43725
37991
20509
10805
47658
48700
12403
41730
16193
41889
32840
16792
18700
34683
40429
30755
46580
20909
44633
41950
6964
13606
48333
45162
13868
42247
1699
16159
30211
36933
22214
28323
18660
19836
26714
8618
35707
19186
45025
33817
36966
17020
20719
26195
7248
13227
47393
40571
909
1230
17210
507
37692
23962
43755
22531
19415
10620
42864
35719
38384
46735
36267
21246
26216
155
39419
16076
9692
20419
32861
25188
2284
39038
16259
35679
7455
27532
4539
26246
40990
30398
35419
20716
30460
45094
41543
32281
30210
21013
15811
31930
21257
25487
23534
46199
32092
47825
34576
18382
24412
30438
30926
10147
1255
29695
27370
19253
48311
14821
42705
31680
40284
14624
36405
25760
30294
32691
9922
29075
12175
45148
17923
16676
43662
32426
7569
11368
16978
5250
48133
47214
18125
33398
10680
23117
48836
35224
44060
40939
45371
20228
26250
584
31219
23319
13115
14729
23757
12626
37307
9206
21499
24328
15520
31670
41509
1431
36758
26170
23839
13481
36953
24509
3144
35491
28324
2754
17246
48838
23214
49201
4432
39424
36108
49389
17120
1314
15049
46387
49789
30770
46758
39895
28310
28436
3624
30328
25472
10283
15164
37483
48794
43400
9324
4794
35539
139
8678
39460
4412
44724
38927
46128
33418
15553
16991
41779
49828
40048
6166
32578
1996
28332
35084
41941
35171
35441
30514
35345
15911
15046
31076
43889
3240
28928
38218
15334
15880
22784
11158
38506
26623
4617
40575
24178
30640
38138
36902
5273
25951
5732
18132
11091
31052
12128
44811
26678
39336
2918
43485
7387
14402
42683
41373
38589
5648
39210
35619
26666
34869
24039
6846
17922
3353
11049
34462
3115
3093
28985
31188
40169
33072
38458
36534
33078
9540
19954
16930
48249
41954
28929
17533
35036
3159
5750
3160
24632
26806
36391
25533
45354
44882
7871
8870
41413
35210
5185
31915
12452
35425
20000
20812
4823
40110
20749
47886
39999
28204
47758
22696
22600
15605
35628
2735
9269
5644
6501
30515
8668
38214
3969
26582
6541
8665
41264
29014
30483
49220
24139
35150
20479
240
37394
44759
3670
45788
21931
3305
3215
14767
4313
35693
18274
2687
8648
2368
18991
37042
19214
48336
26038
38625
20064
49347
29863
32323
39563
32618
15935
8468
15835
34001
17935
3980
1011
9913
24214
6693
1322
3658
36064
26284
17240
495
35116
17139
4142
44404
14406
8448
43695
42422
42624
40734
14387
37634
28359
2956
33928
29207
49911
28714
31630
10972
21008
8141
8413
39884
7127
31722
29843
43333
10092
3199
43384
28778
24609
23429
16343
34811
8788
25173
34154
31986
39830
37782
45577
42851
39319
14083
33433
29585
17903
28656
3628
36280
32146
15752
4538
127
29094
23819
6546
39084
12700
41011
49417
14099
46004
38985
46999
3613
26069
45198
2352
2187
48652
49926
21907
31744
18019
4136
31186
42857
27736
877
23720
24960
6610
42262
26508
49664
12654
18648
5306
23758
15874
43673
14953
2526
32473
6282
47511
18430
19679
17869
40080
23302
1049
31216
23861
16237
13070
39672
23291
33487
37155
38986
29697
30546
12729
7302
11720
7240
10252
34251
41503
37730
10799
4246
33774
17600
3099
43803
28415
4223
19670
27119
30191
47177
9626
24125
44881
10219
44669
26802
47066
32742
20729
11111
31571
32712
19640
48769
14112
3032
319
5464
37678
24299
47592
19923
37968
21507
2302
36541
12385
19659
22134
4690
45959
44786
20380
40381
20559
45547
27291
43042
31618
17263
6057
16551
46221
43558
24188
12162
1868
13263
34586
13379
27527
24880
30619
37242
34958
32735
32407
17928
16612
23284
7791
48921
19424
43406
17280
45905
15725
186
35080
22433
7944
41976
22366
1893
24627
20232
45241
27788
166
17434
48662
48106
27798
42326
13475
7711
40825
25586
3537
44638
37607
38836
884
11677
6286
35423
12653
42414
1572
46687
14913
47755
48682
8402
15373
5320
29301
24372
29222
15729
10261
4704
13429
32495
13211
48126
5390
38273
20578
27083
48051
46390
30985
41228
47278
45920
47069
45101
17109
25973
16262
25360
29248
29938
24070
12467
19563
35702
45378
2357
49064
22330
3045
21496
19766
36674
16773
13214
25143
32380
11589
17784
27025
24320
13711
40855
42149
41409
33913
18310
16655
12662
46190
32175
31920
15171
4667
38644
1467
17187
31252
30773
763
47574
11422
37197
44410
41166
40774
9810
40923
12035
33088
9106
17097
23169
8575
36042
30343
49385
19053
14510
15066
9812
21291
22367
21968
18429
35384
26466
35183
1117
27277
7373
40413
9261
27983
38759
32292
29186
38669
16480
307
27889
39041
31210
3247
6705
13421
1714
9358
48434
48451
33391
10941
11901
43419
41813
9419
8226
6643
26574
19073
37433
35393
31613
3819
42632
29987
5271
36577
27570
16728
21993
10163
24738
12568
12613
22805
39934
2199
21485
48313
11232
36329
30220
