46897
2659
35470
39664
47355
1211
16912
38091
40432
22904
12967
2824
42755
40343
26879
6132
20568
29754
3694
34766
11238
49340
29293
31654
34831
23449
21573
37729
14203
24881
29879
10796
37738
19728
36312
30929
3665
47711
376
19347
10872
16056
24851
44027
30171
19761
25748
44930
37178
36004
38628
5327
47862
26599
41222
12668
18505
34083
19634
3049
2617
40796
24750
49557
5843
43838
6609
12095
31961
46613
30837
49164
9236
7972
36395
13473
15677
28733
35763
34173
36771
20236
22674
11643
42852
14487
9755
21997
37672
24834
13368
14190
14335
39447
28650
26918
35883
18406
436
44666
3607
27280
26092
19982
6503
21531
37035
33502
47693
12808
32363
40740
19860
43184
22329
42678
49219
41055
5089
40320
38036
33235
11023
34780
44461
47906
28767
44170
32190
40334
13436
45604
36389
8102
34270
2895
308
36228
43989
5324
4192
28826
7663
12270
8889
49717
37504
39877
11276
37877
36049
41164
36925
28231
21305
37867
35089
27000
42644
42972
12409
19527
26430
2675
16103
48136
47201
39372
2014
9493
24488
35952
20295
23924
7445
3859
48844
45064
8663
23652
13165
39223
11440
29748
48618
33186
15831
28833
14877
6479
48347
16011
35327
17071
7925
25288
38205
42883
35121
36993
45358
17100
21903
48850
30002
9438
628
17156
35149
49921
33780
31674
16397
5673
4537
28675
20976
29666
35179
15931
23297
38368
24333
41636
41030
41740
21732
33478
28080
28750
22858
36901
39196
48059
39431
6929
44298
30257
33514
13649
49308
34289
46367
5349
48653
25177
1306
48355
26846
26342
5972
32839
49994
30829
23245
49517
15309
19818
25243
7883
45390
4373
18080
46802
34919
15767
46756
46922
36287
48485
1278
32483
16529
27944
47093
15636
42929
46362
26764
3951
47379
4162
3011
46430
30158
32874
26592
49149
13894
12777
9542
49528
28428
13312
2513
44037
41975
28791
7360
32903
47339
28653
4854
11835
36693
38675
37246
36427
49387
14268
29219
28267
42148
37870
32206
16004
7991
35750
12297
3352
15436
15594
35456
45652
31000
4141
49510
4273
13419
25477
18390
4081
47458
14365
8185
46380
29717
15236
24837
3548
32744
48861
6312
16048
40460
13174
13629
33542
38533
26985
3063
14080
14341
47581
34781
12355
42179
32444
7801
9657
19317
8774
35028
25462
23978
43849
8132
28449
42844
39044
49671
20169
43775
24021
983
12802
32078
18854
7985
41882
38977
47320
33062
17932
23796
29336
5657
15502
45556
43698
2142
6054
33153
2574
1382
35594
27873
14482
3938
29578
26474
39141
14145
1541
16937
10655
23546
16594
20463
20440
31323
44537
47863
48972
34301
45011
2615
10522
304
10362
2320
4932
14717
10458
31274
6031
1068
35587
15205
34540
4326
45030
14040
4654
30534
47280
37618
37354
27512
15460
2887
32601
37687
40172
29711
6295
11767
21850
20895
14518
7821
37792
978
12865
22747
6895
42991
25071
11890
8884
43984
10112
23428
27405
201
47108
21333
42410
35011
41807
12280
5243
5070
49894
5334
17309
43891
17558
12303
24863
34327
12628
2280
30362
42292
9765
39291
24342
38152
38075
14501
11857
2328
32994
49933
12893
37012
14844
27802
41602
38562
12920
3886
40218
48539
31619
13845
38579
22437
17366
40595
42655
28896
45946
45406
30810
12521
25842
25881
10902
4944
37506
4739
27404
43232
42761
4354
30851
49989
7130
3072
10693
2825
676
29808
35688
18223
39277
46238
7774
8779
6068
29809
37412
35012
25300
14713
10630
32679
44448
44231
15897
19971
13002
31072
17893
42260
49173
40201
31311
15776
6074
43859
12927
49658
48631
44097
10912
6366
32295
37390
7640
17169
848
37260
14836
14117
29875
31203
17017
20546
27330
24329
48294
21283
5247
39892
34163
29044
28081
275
26578
23933
41217
48264
4332
33285
23156
37630
14096
34258
35129
7936
10133
37920
13402
6534
30750
43547
6971
432
42666
44997
21384
46679
39769
7370
34530
9781
33307
39218
18123
32083
1973
36343
37611
46408
40475
34375
24292
45856
12946
36938
13849
18696
38804
41087
46840
38452
33097
24515
45013
36715
49163
1985
41155
44520
29908
38084
24590
15299
19481
18333
30314
49503
13301
43519
2286
44309
46147
2765
5196
13697
34416
25020
13701
16133
2394
13944
38330
25600
3851
41404
20351
3059
1394
11955
40185
37259
28818
1781
34429
29121
21270
12919
21094
3779
11895
19783
9610
42228
38858
24161
28685
26180
45070
34909
26915
49122
24024
35106
5052
9088
39696
29309
39964
35827
38682
29176
6241
13108
47542
15783
44870
26298
23500
16338
282
47989
3808
14167
13374
39771
29330
32042
10100
31587
20554
16710
46966
6819
40358
4764
44954
21149
40145
7271
7430
20313
14425
14055
36844
33194
45672
34675
18926
35666
33951
15740
19164
29346
39622
10963
16309
4631
42860
15496
15692
32003
44266
160
49569
41279
18752
46421
26789
25685
40283
47642
14498
38571
20088
30471
38037
41690
9066
34548
49505
42335
20444
5224
9251
5822
22175
22689
28024
23317
43853
29959
11522
28688
46304
10748
1021
36905
9965
33085
1946
13555
49066
11015
33183
19359
38407
37255
5238
13761
6228
27825
21701
12465
4453
35800
42172
3226
4168
2626
35488
43118
33395
44774
43523
25203
49101
47127
29483
23632
48344
10976
37424
27049
29126
5554
20996
23670
28399
45570
8173
20283
30672
25427
37397
34669
32991
13433
22170
9290
12137
45306
13564
335
35936
29531
34930
21526
12782
25446
15065
10398
3845
47730
46202
43545
44831
12180
4719
46887
24002
28708
37232
29814
25049
20580
5717
15890
28927
5574
5639
46014
19785
35853
44113
19070
46826
21504
45244
23395
3791
40720
34959
27521
37684
48922
4367
30475
27191
38592
39765
22803
43607
39514
55
30451
20189
47563
47500
37941
14583
18239
31454
35387
26148
22107
8377
27599
9089
7258
8482
20696
35363
18753
14192
44427
14063
403
45109
23188
13071
46813
15398
48321
9660
13413
25496
808
27743
38349
14930
36170
4237
48501
38655
46244
10898
1440
45460
23930
41299
14228
42328
48205
8341
12141
40281
25276
47133
24465
3626
31691
13438
11486
30602
803
38722
35148
33134
49730
46467
1354
2436
47601
13290
22297
33042
15289
48290
41458
48779
39178
30974
19052
27737
43987
17859
29403
46870
2816
46584
737
11843
1077
10616
16288
21925
19551
5990
39661
33531
4647
36494
30181
303
17057
14157
46766
16266
2317
24033
12473
42098
49397
39655
31231
7116
9986
38054
6146
24636
14620
40148
38389
23650
4228
38480
23843
3535
29417
5309
28734
42839
34654
2957
8881
45404
13671
10389
3390
18198
34071
3847
6063
24366
3480
33602
30111
27097
41790
49802
49888
24064
31401
20457
31486
1288
45346
44161
41
37549
18138
30665
44048
28948
21623
44495
2760
3769
26605
47631
37613
25217
26186
13648
12703
28051
40084
7552
29511
17712
25628
4070
24902
649
41834
23003
29636
4116
10683
46819
2408
22012
18146
28856
43541
1501
49736
44327
30836
44334
31707
36184
25831
701
23742
15176
28667
28238
40515
22953
33632
7714
36377
17972
31074
26803
24461
19916
47940
35466
1768
5132
18372
30878
16732
12711
6704
29650
30391
8610
14839
48885
4583
6133
1850
33518
18757
5340
45550
35255
40209
21063
9011
1438
44186
8148
15695
46527
6227
30751
21426
5933
26536
49224
9093
24379
18678
19258
36261
10391
39001
26299
23775
15995
35140
4189
35267
10093
35311
11455
29742
11354
46118
23074
46509
41422
45074
32972
16279
39857
32850
7761
20859
3796
12860
31926
43898
7952
11641
42043
17850
17745
8936
4727
4518
34102
32387
40487
2538
10582
34449
24935
4139
17978
34822
25443
22851
36080
44355
35375
1723
49839
17567
13091
16791
6060
2739
11578
49872
22025
25947
20289
43052
49117
27920
4174
44865
11268
47413
16837
32504
20330
39979
34934
46880
32405
36226
29038
34185
26183
46205
18408
25676
44173
32371
3514
1919
39897
38200
13725
3178
36951
19738
2903
39150
48638
13824
6422
19617
8467
44576
12823
44191
17333
49901
30452
12966
4102
42522
38614
19752
11364
38292
6089
19864
40863
8104
4876
14014
13907
10883
19151
6492
38095
3385
9405
7603
6208
5086
8139
39398
36418
48867
49190
47970
17036
8680
16322
9008
47394
30611
13287
43690
22278
25664
15313
41343
44381
16907
35935
16296
43827
36761
38444
47902
44957
24262
36779
33
27906
229
21147
43339
20577
8408
49975
33642
33917
24364
35479
6491
24082
13013
27876
11357
9129
5541
30839
21749
15083
3762
27742
20524
35582
32825
42737
5425
21287
27714
32725
20208
845
23658
18412
24611
19771
1553
16714
14125
15383
801
9794
21239
21536
38699
9060
28529
6812
48085
45456
33238
26160
8319
32672
33882
34997
34741
48561
4072
29012
26964
197
41421
49325
8385
35899
44543
47198
42133
4177
49544
36063
9700
41213
46894
12758
31886
6433
21351
9222
11320
21686
28488
24696
49668
43751
19820
7719
35532
35130
27138
17337
31254
5601
35697
9429
9752
38171
40155
26472
27208
11477
47100
3472
1510
43730
39500
21085
36000
21055
11938
10746
32293
24071
46919
29923
46962
37910
44745
30634
39095
1316
46595
24031
12237
41871
21703
14230
49840
16536
41725
10722
15954
7500
38647
26598
26009
36211
27766
9908
29871
12965
7753
44276
2785
43034
46341
21022
7230
29638
49478
49240
24868
46801
29979
10999
37752
6961
23980
21420
37906
35525
5534
7478
42370
29200
40362
36431
28786
33463
12601
30586
18673
3787
17658
3084
46399
7872
4179
16731
27413
40558
1100
34742
895
6493
22794
30886
2337
18414
35296
35960
15246
42920
48315
2699
42206
15335
27722
33980
32936
44636
38951
14794
42657
6405
7224
8599
3457
18222
47603
38
4581
33976
25667
46838
22231
37753
42233
26965
47138
5260
43850
13811
25684
39850
37105
37173
35071
31910
36518
19101
37964
22560
45667
12216
11337
10788
2564
28704
19853
3486
1120
12211
7427
32986
8738
37204
13941
49083
3461
49646
40226
2944
7667
44893
13581
20017
31542
27136
6385
44980
34682
9702
16583
39272
30779
49280
49448
41269
28942
42373
35669
48540
48494
27096
40852
26934
45191
28523
5507
17641
11435
24396
10834
6212
25672
27062
5902
35601
11125
37053
31030
41402
42219
45512
4978
33725
40027
19264
12997
44324
4438
13212
19197
34167
32654
32413
20553
12810
36934
25351
36442
33095
48211
3802
31998
3560
30921
5624
6924
1910
32929
35180
44614
6569
15112
32026
1639
31306
41836
13943
35954
11982
26380
35970
48825
9102
39470
1934
32590
30156
38755
42982
37450
37192
3133
20133
43222
7362
36276
11481
49951
16136
38353
36383
14670
24504
25429
40098
22173
40682
25480
13769
22050
4286
33971
26715
5931
25435
33614
36168
9074
19643
28271
18099
43758
5342
45665
44816
37171
8997
26434
16033
41441
23792
10282
45690
22798
5214
15660
29102
24658
42319
33749
16806
24464
3635
34504
46382
42164
46883
16648
1406
856
15143
27214
21951
41270
2911
7436
41610
399
33253
1889
3001
4801
6613
8143
27384
44007
22491
38296
43553
46253
43681
5364
21794
33816
32459
10086
49475
43374
43621
14385
10701
48394
14147
13134
46077
10697
49806
31932
8860
40286
26830
25434
7407
46845
49402
31075
18836
29862
26772
46255
4987
19803
9731
46460
48896
42375
41961
29353
41191
40116
1004
40739
19585
49595
19721
34793
48731
28555
18465
31393
49902
41726
15734
42656
31514
37389
4640
44061
38895
45775
37977
47488
20406
21838
8541
23823
31061
34840
39296
39348
36992
34744
1880
20137
22202
14324
19774
34352
10032
33099
48738
42138
28165
36105
4199
25444
9204
32803
6298
23920
19014
39541
16505
28752
13993
13510
1221
21702
49751
1303
15446
37168
26475
27282
22509
30962
8396
844
26717
22243
38015
23869
26860
21789
33667
2672
32593
29250
37996
4687
13498
25529
20923
32300
1169
23611
25232
2069
45293
48505
42512
7024
30681
28174
48529
31429
22443
29489
9359
2811
31305
36884
43718
40803
15519
13416
12444
38593
11794
48407
27044
35714
17914
29111
9231
6852
45400
2712
36319
16126
46616
32989
38496
14786
14075
33342
36855
21597
27491
14974
46824
30109
24827
8523
46790
11952
45111
34692
24171
48191
6339
29128
16181
14284
39290
3908
36096
41547
47318
3260
41554
43234
12896
29237
23994
2106
32130
38712
14397
33068
22617
29770
10296
24080
4773
7301
3182
27935
14041
21733
27372
3540
6560
34103
29582
46650
34247
46251
44747
42653
21303
15158
43529
11401
30474
27074
18807
49013
44689
22606
38967
7690
14316
28191
48521
46416
23134
40171
35526
22385
1388
31505
23017
32789
46884
27631
47570
6103
31431
27718
14051
3970
15656
16527
26978
45820
27106
32924
30095
36166
48822
9729
6202
10482
47647
30090
16781
45331
48673
41697
42054
44312
1847
14992
16009
42940
28062
35000
47507
24826
34192
21797
9104
37900
14159
8457
29775
30279
32900
22392
26845
44538
18575
1346
35821
48341
14931
21190
8964
27257
47954
37056
35015
1805
40878
22937
35640
44179
29857
43816
45941
42776
28484
45245
21436
18281
34383
45678
4534
6104
17795
3156
11262
13050
38140
46087
10803
7926
24326
38373
38564
14896
45312
2963
11995
750
18985
20075
1779
47783
33464
43129
30028
41318
70
5886
49495
20801
10294
13499
37750
33837
1750
9433
4019
26313
26591
43248
44738
4362
6047
41718
28241
32530
38295
18958
24226
38059
43071
37815
7785
11880
22225
3752
2054
4319
30310
36378
45503
40154
16896
46275
6575
12559
13151
25845
33720
48437
5850
40632
9450
38403
2183
14355
41358
44265
35390
15861
41210
19397
49647
21586
38253
23488
17148
22061
30010
45007
19319
30441
44189
7105
19083
40813
2194
18568
47192
34512
14504
8040
34803
19316
33246
6707
21235
17141
31710
38503
19623
4456
41480
42178
37921
15029
8847
40951
17501
14841
44337
22879
9748
15786
43249
25284
47485
29398
41566
9835
13551
49455
18576
11922
11854
22671
19211
32636
34389
38839
27265
40681
29890
30689
3960
337
49514
19201
10549
3420
45992
19191
31485
40421
42846
34877
1662
10424
26418
19908
36127
6723
17916
5135
22978
944
4890
36347
37537
16408
17518
17445
996
5500
16043
40331
41798
44603
25727
23404
5651
20076
4849
11953
853
9460
31347
41096
31439
27300
23503
47029
45417
5646
7000
18016
9772
32556
43088
29474
46930
4922
29454
43801
31667
35944
36692
16247
11740
18472
10978
9205
36126
28342
43075
49301
30763
6092
56
34353
39539
34048
21809
44196
18440
45963
4259
43809
148
25733
46436
28629
46734
37899
10878
35547
32342
5057
49334
1156
30662
32944
14223
1091
11365
46820
17871
14724
35786
8878
29624
6184
44046
41130
26473
30235
17354
8154
37621
37610
36246
49288
15336
32863
23663
49714
44748
33455
21465
32324
14004
24153
26775
9035
10060
20669
41340
18121
14802
20066
14322
13352
6622
27443
33706
26028
41062
47209
38672
37210
49565
11947
30126
11899
47043
2081
36487
42530
40366
22321
35507
24796
49680
12593
23119
42348
44118
2901
48991
732
14103
23782
3280
32895
11847
6131
8836
25740
17065
16566
28612
20126
33429
49577
17855
36952
27805
20688
4067
36073
37736
11245
28845
28602
23042
15808
37375
28967
46628
48802
7927
29547
12034
21747
24870
10757
9045
41260
34912
45863
39657
22092
39555
31601
29751
43258
17999
31447
5456
1537
18904
20148
5513
21581
49550
20766
49512
8335
15078
7549
15351
14544
34045
5223
25456
13920
26235
48027
45799
17847
19366
27563
32565
41196
27526
19087
43027
13180
22237
44069
532
22113
6926
29878
640
40920
36790
8344
5912
43663
29136
33173
18801
24261
20310
44675
12850
3154
26611
34632
21084
37206
5376
48229
13878
39415
32970
38936
29516
47567
18284
39982
41004
9977
31025
488
12193
12554
18353
20972
46609
21357
1802
44492
47484
26091
34612
2998
899
5796
17723
26618
34432
12692
15492
4415
3976
10176
1733
33551
28501
728
42619
37714
27464
29838
8803
10738
22839
32345
31808
48941
40170
12739
14994
8942
42079
18420
10026
34415
32762
19562
1613
8293
43302
14999
24973
6551
19403
43070
12459
39020
44244
4843
27803
38297
3369
39542
34288
15497
350
22610
15410
21828
41443
39057
28925
40685
18021
17788
6451
16242
49639
14951
47650
48658
46447
39046
13143
32828
3307
132
5921
32228
22263
7064
21097
11468
43028
44209
26829
16069
12735
41707
13687
44365
47071
44015
32314
40357
39200
18992
31834
27353
409
10794
20333
19511
30336
21908
11754
13184
6267
43074
8617
32197
32616
48241
28454
1917
4951
46377
38166
960
30292
34242
33065
47165
13291
32500
43264
3567
25025
19692
3290
18338
33216
49406
1722
45543
9208
38690
16663
40909
16574
26429
46856
29391
17744
26231
41709
7020
8891
35971
4430
21509
21313
29749
44602
49200
17151
35480
27687
4810
6336
11904
11756
30394
43933
14098
40856
28651
11654
33491
16393
4440
17301
24354
4831
9797
39523
9126
36192
3010
6712
38268
33938
13611
11204
3403
16455
13306
10109
18809
45080
43501
28181
35087
23549
20800
29284
10238
37970
26748
8538
34961
44684
21349
18254
34725
47276
43424
45806
19308
13783
24992
34820
48277
10647
10013
34326
11381
5845
2112
3203
37789
48337
40501
29560
26103
25397
27606
1646
20506
26139
34804
34368
15800
39756
15445
49039
2924
15060
23257
17796
37048
8509
5740
45443
33298
26089
46257
46600
27389
31181
326
2596
35091
11246
7754
30011
5558
14178
15385
9653
17790
6510
3207
38834
49655
2602
49996
37933
43538
38606
40568
37404
48160
39227
23005
40274
3563
12221
43439
43958
46066
15608
23563
2299
720
34264
7806
49119
17925
45165
2369
16606
7825
39900
12003
2583
36188
24556
24180
42748
39889
22631
24049
34311
21875
18227
15020
6552
33040
20992
47184
24954
7011
8315
36538
45285
1412
2135
18791
43671
35137
4236
16665
25804
3946
44923
44559
8996
3877
21754
46455
13280
43530
28911
17377
49935
24122
22739
11390
41693
16114
13706
10735
26318
29365
11742
41655
48464
3317
20960
35922
40439
14939
31082
44505
7945
10754
41949
4705
5412
24371
38042
17181
21963
35523
8351
35512
6601
7055
21599
24406
20701
24913
44798
38920
42118
33775
39949
21843
34253
39304
11102
33727
18874
48857
30581
39400
24708
33559
43060
17081
35093
29626
41968
37724
49689
40253
1581
39485
32408
45929
18775
27634
18031
15459
35008
20903
23435
48759
25068
13605
40567
16996
28104
26441
49451
10106
8499
17182
40119
12437
35277
2211
40005
19431
17059
43320
27929
13645
12985
15979
11334
1840
13376
46954
37222
44000
10045
29733
45127
17314
23753
38256
38128
44386
46283
41076
20791
23344
48853
25164
7969
19638
20900
35812
31554
4820
47366
42651
5317
32992
11502
32286
28048
2399
27774
14733
7923
27255
26264
4254
12394
45103
33921
21001
16828
23506
10235
48717
18751
49763
26031
6487
6793
16504
49309
40406
2981
32433
27763
23710
38693
15599
37055
31461
35647
33036
49809
46709
34378
15283
49293
15712
19600
12479
18973
34151
15235
32154
34010
48256
17001
38422
14641
27035
6827
29305
27015
7613
545
10547
46454
40689
5812
3598
7736
4357
13493
7621
37529
27060
29036
31914
31389
4258
37000
43774
19629
1783
15772
3434
8931
45817
43083
46792
16854
26687
33648
33495
13703
39328
31236
1019
7849
9640
23880
28328
11484
42546
32382
44702
41462
19747
39053
24427
4782
30368
24820
26567
21107
17652
26699
6764
10584
37957
25788
33945
34257
47189
23381
41881
29664
30422
32329
4253
25228
37802
31822
16005
9186
11990
7402
10449
7606
49606
43322
37683
7637
516
13394
44049
38837
22136
21816
14319
45476
11781
48548
6864
31304
36281
11697
5326
5995
34937
43748
9462
33340
1543
7152
46572
34847
44531
19466
22327
10598
2716
3071
35217
33374
4544
43941
2750
1118
18405
14489
42964
30216
16914
41735
44101
19326
8604
4187
45150
46353
24235
25764
8516
10813
17110
48767
30455
26615
9834
41227
17095
48456
26256
9964
48773
2119
10386
31117
17129
25043
12889
45843
17159
14947
18428
1149
27242
26983
17023
22955
32383
36612
40912
15167
26420
4873
10184
12527
16145
38575
28398
10481
24682
10772
15543
35385
12439
28473
23676
7191
39536
42330
36565
13628
43091
8752
22138
17997
28491
48604
15174
47679
9699
45037
45371
5911
13386
23583
2438
25013
32644
30955
9693
1479
31379
43119
41730
36579
26678
14714
2368
2857
11368
33240
18307
6948
43713
36804
34963
13197
47342
22696
23953
309
37991
1721
48273
39563
49184
21374
1558
27669
21856
30169
21042
7413
27861
10962
46636
15015
7455
16430
42730
17923
23153
25908
30018
958
25128
9122
21294
456
18631
23355
19666
5904
18725
43291
18107
40614
49571
35408
16042
32834
26170
38832
17028
25042
5217
12834
12481
20182
8348
38436
45839
48175
20500
20786
18514
29564
9483
37477
15504
25503
44528
16476
24821
2109
4611
16178
10677
38120
32663
29981
9023
34210
23480
33817
21972
192
23855
20909
42840
24554
21298
13325
11327
39776
39210
35687
25225
33521
11058
37659
47527
222
26538
28898
20946
43540
21515
20863
5377
40122
38899
3324
13729
23962
11117
20620
42254
7361
29556
41403
24588
11529
44199
30221
34441
45327
49446
49374
48164
30335
21253
9861
30373
41555
39578
36902
42371
44083
38808
25327
23258
42692
39032
20598
6916
23893
19954
16860
22340
9663
4916
23438
39468
39627
43423
627
44057
46768
20209
28037
22774
30854
6909
15011
26981
25124
6346
21741
5752
12938
28435
16988
48168
33954
30745
18395
43913
29328
38089
4191
49378
20239
33111
3745
34224
25869
4580
30148
26004
6942
15835
19035
33888
34359
7376
23312
24841
2643
49778
35736
17004
49479
37437
48227
16140
441
47723
38045
49657
25392
49191
44615
47597
38288
8401
38870
14581
18118
39154
45807
33459
20219
48871
46938
37258
32955
20889
39444
1337
741
23405
23728
29437
45162
32421
38835
48044
8120
25521
11049
27842
38631
12772
31070
14348
7876
3765
28287
29746
41572
49521
3268
3967
30872
43100
22262
24142
39243
46739
42917
10445
2670
36678
38348
25078
48872
27988
4743
5222
7693
36949
31915
2663
48793
43444
10906
33372
49570
45325
41647
45697
44724
21667
48475
15260
20161
8241
12395
18081
31832
35345
33761
30483
38987
656
30433
28537
41570
17789
12646
44822
31183
45879
15438
9692
6974
7716
35447
8278
26381
46044
42944
27033
25524
40578
10688
1683
42781
46152
39704
14991
11503
10268
42488
42270
29414
3980
32171
10928
9545
15239
43159
33335
17022
9415
36131
43109
14753
43149
31267
33225
21635
18700
22514
49681
2954
2929
46488
4758
17405
36931
24765
4757
34521
22531
26988
30026
3640
36735
4780
2284
42521
36985
22751
47655
26784
30411
37072
31530
35084
31188
26666
29786
39593
14506
18749
33898
6984
43108
34483
17816
22160
4603
3793
31008
47174
877
109
31162
2187
17974
20765
17218
1682
6438
42123
41614
38768
36837
34480
31744
24278
20232
40339
16664
39731
23243
5611
14406
4964
8728
34474
27190
46346
42224
38998
35545
28053
27889
21632
18030
46788
11388
48606
26756
39623
10806
39685
39832
33417
1140
48921
35984
35807
2524
49206
30404
31566
21273
27040
41977
24938
21478
44280
28527
35699
186
35233
25297
5884
16595
28405
43960
20441
13827
40233
6357
36115
8075
37575
3542
14847
24474
9893
49634
14
12497
28656
25021
40303
3175
8479
47085
35746
46104
26817
5637
13034
25461
48751
39567
9139
29238
22898
8749
49664
14510
23225
19078
16094
42101
40257
8213
20519
43341
8141
46345
24523
14475
22152
18539
17163
28379
42855
43332
3719
36045
5186
30043
34077
39879
41468
37961
12644
38071
4970
42139
21516
44919
37667
26061
18899
26209
48455
16262
34129
31291
10791
26229
13767
18019
10129
28888
46705
48713
8955
30309
23305
37571
18343
17869
12186
6951
9336
10494
26847
33656
19311
43719
23047
31630
40040
40742
28899
23720
31805
19680
38789
41161
10751
17765
26932
35592
22856
4215
23580
6034
35057
45993
49460
9412
16054
3099
11941
26908
10351
27815
34402
13133
21583
26769
32292
27907
15901
41495
1026
2338
18068
24273
23464
34973
31771
29990
1186
29987
31605
7441
37604
23647
29609
28309
31838
5170
32337
14332
17706
3424
38777
22024
18113
31909
17875
46844
39510
39673
10405
21496
33794
19660
46959
21380
5650
22220
23926
21485
21507
40361
31571
6006
3705
43721
29045
43634
36512
13211
41348
24494
23722
48121
46221
21866
44678
36118
48140
45959
22475
6525
38027
22075
43042
39984
17393
3407
8762
43578
3983
19498
36797
24436
41363
8159
29604
34395
3239
10138
41245
29529
17535
8310
12970
43648
23991
3633
16551
45906
20693
23979
35330
37634
34134
6057
32925
44065
25542
41427
17336
19976
46567
8539
24345
28783
48106
41611
22038
44829
20613
23856
38018
40735
16092
7419
706
23749
13745
14687
67
15784
38742
36659
35676
39585
37040
21600
20854
18310
32158
32653
18244
15588
19424
8323
18963
26585
2667
45063
19534
48034
28581
27617
14609
22989
30578
20213
12182
24893
36329
35636
1827
24731
38267
480
22051
10467
34158
43815
23009
34223
27755
6288
47020
38405
2919
18850
2032
30861
33729
34485
14361
49278
11814
28932
4691
14599
41166
29054
21242
22623
47340
34903
21688
5077
16343
14705
53
