13434
15445
66174
72596
21348
27274
15630
56502
50397
25219
25555
16951
46979
19485
15473
22425
23953
3313
48866
28833
8116
11308
50911
37401
15312
21137
61239
62994
32003
27929
54354
15486
23762
1803
33910
30872
9429
63063
64634
33158
14636
69788
50340
20040
24043
44154
8099
3772
51980
59154
44583
19011
45143
30652
46351
60975
21019
27741
20668
36790
71413
22598
64866
50958
3665
26689
23507
7197
38424
42728
47837
12545
60369
17644
60310
63100
24554
66041
54288
68940
51564
18997
50284
29219
56696
34890
56852
27823
28272
3803
2004
52690
48876
67007
30156
53316
16154
63236
60967
518
55359
43668
42948
10213
26369
48491
23386
67494
12195
13982
35214
61709
54164
8508
18129
23140
20470
63103
10449
54735
37933
61183
58548
46957
48193
48075
8023
39266
28907
64262
40860
69687
63006
44736
63651
10624
39680
11192
47611
34620
47007
56002
16050
10917
48108
29261
7207
15707
36106
58413
24179
2788
18405
69803
57730
3656
56488
2223
28944
8434
14574
49124
4158
6686
31662
58661
40897
38850
47127
42475
24656
4004
41998
69785
23026
3046
39333
61448
13700
14214
44545
8876
7318
73188
23958
68975
19052
30538
54822
48551
59980
62519
21856
26584
42908
46586
70979
30089
24328
46562
4436
32472
60326
61595
26907
44491
37485
34103
32826
70205
44451
62366
17656
51771
37823
4053
66666
39058
26397
37977
71140
46827
19899
39642
19176
44395
72916
59781
465
45708
813
37818
64186
14767
59587
37083
30002
72187
30761
49117
32338
13928
46560
9824
57841
19361
7407
55088
34846
39412
63577
28893
55387
21588
55229
31094
45100
9224
61312
51173
57428
45542
65837
72087
33141
25908
12056
12483
48984
53144
23505
24028
19999
32217
30161
71191
15719
26972
7034
35947
72739
62006
18601
28174
58788
51401
38531
68174
73010
28188
35138
50850
1394
30108
45755
46954
32948
22310
7067
36147
57181
27665
5622
29695
3260
16814
15032
25040
38946
30245
12153
13691
64950
27010
13968
22453
68255
4331
40245
50248
1112
6658
34613
31141
68598
63072
30888
58968
70272
48356
33612
42563
67328
58989
14864
9506
40773
30927
2555
6429
12661
7355
16926
49650
65513
20029
215
54225
36069
46232
67876
41959
24633
39289
46667
65146
35473
41539
25967
12396
37346
37996
65473
4972
64598
2442
96
6064
66794
62155
21758
48290
64293
68091
10071
3179
30806
53389
45135
66914
65668
26450
13321
11168
45211
12754
41294
14861
44865
40731
4437
9262
7248
12662
18028
34023
14508
60675
29556
47174
43247
59777
36880
61366
51171
58679
9214
64788
28332
12938
22797
12186
60181
18176
23829
36209
12810
1026
17194
22018
10029
28498
46366
23443
4858
24412
24730
9126
7668
70065
10623
16471
45533
57294
11302
68057
66287
50828
1174
40894
1642
68640
50929
56117
30172
27905
717
53982
45402
72843
17400
11013
35629
14708
9274
40871
48999
28299
49605
65821
57805
28667
10508
3852
40403
70051
48643
66469
7728
65620
13738
2208
5291
30770
2120
45575
3778
32349
69559
26194
68906
8950
7716
60576
688
8636
41585
15779
33255
44824
13366
50428
34724
11403
25410
611
5857
71146
478
67049
5648
30719
19208
43975
13172
10637
65286
5059
73187
49586
36131
53846
35818
23984
47131
65057
55948
23060
20587
16409
1730
29000
72366
72486
38030
71502
24647
28933
21697
12215
15730
4443
49735
72016
25402
5531
69477
31437
12464
18815
19652
15664
38761
10197
19455
31071
240
54920
57233
10820
23885
26079
25508
44157
16162
32393
806
26855
42470
37944
44471
50853
62182
2342
29688
26801
16283
52987
32256
5490
49688
53016
62691
13073
5461
32043
66962
72845
73109
66249
27549
4802
22531
49311
28231
42702
61733
7456
55962
1517
69620
4922
28236
28714
14322
20945
42073
17730
13159
2945
8716
26800
9688
63910
71161
14296
42026
10392
54807
62878
52355
50019
20680
53919
55734
4578
58036
38529
38672
42730
51496
38174
32586
16567
51199
11287
6126
69402
55469
32318
30442
45714
52724
41805
50757
36864
52663
32620
72236
71116
60109
41480
19398
44216
15053
59897
12177
65978
57545
29776
15396
53967
28733
25518
14113
38998
33563
17621
4090
17591
24751
48313
60047
66075
54477
39813
17757
19044
22431
25748
47479
60934
9451
32857
28029
70413
26433
11000
43906
34341
39440
45019
62025
60862
29578
15138
58876
70937
64936
58953
63839
57215
29799
61336
17424
66707
59382
55750
23717
42786
2995
22040
51315
71758
34474
7325
11264
20566
38765
42076
64895
67325
72818
16046
29079
961
25243
40418
44038
1928
65482
65571
28965
36197
65197
38377
15815
66136
63728
69103
15036
28157
68687
17015
38059
40341
22985
36687
13576
66637
47627
30500
31779
45546
18582
60320
62876
47323
6769
55957
42681
16405
22706
67309
48185
28048
39863
40620
39702
6576
10757
47601
65285
45067
24839
57598
66973
66284
25180
9292
60494
51640
56174
41438
22070
57115
57257
67875
38477
15265
29357
20985
63761
65178
4041
43115
23150
67310
47335
10635
23575
12842
65118
63996
40446
393
51504
68893
21107
21133
55272
49180
20065
28429
53854
37606
5790
52386
14610
58955
29436
1437
17556
17163
6851
24003
4221
55690
34510
42614
49275
9181
48163
19197
71459
56741
69214
51657
62149
14481
12403
30608
70080
45777
823
11344
39415
41993
38883
4489
36391
27796
57617
63467
17550
4553
18602
16417
4497
39033
64574
4425
20933
38490
15800
19383
33468
17560
66373
65116
28191
25567
54191
27997
71831
23052
46932
13592
54140
10634
16917
61980
15584
58959
41289
39215
28760
17822
11271
3436
53593
11061
1587
21345
31704
40434
61181
64076
49686
54897
43713
9804
33313
48617
23553
28537
2691
45639
24819
814
29999
52420
26045
30118
18929
12
56246
71054
32356
26363
7099
36028
65440
68986
29639
12088
50901
21002
25299
56597
5983
73201
1304
70973
46029
6332
35309
31921
45513
40472
14687
53118
25802
49776
29502
16946
17775
55896
26411
9895
60648
72767
16570
50236
70180
57861
72407
62564
38617
63052
66012
68593
42468
20294
43433
21166
58857
66725
33267
34653
37622
56904
27921
61852
36893
50789
23983
5998
57298
39804
17897
40513
14698
31988
50955
12658
54397
26590
12878
2582
61373
6940
50408
30280
3555
57766
43092
49465
29023
38326
46486
13624
68237
47445
37087
19432
49298
65592
59571
70732
12838
30835
52614
50213
49633
63073
37768
63376
36368
23803
26022
28568
53806
52766
15650
64622
57765
23616
40511
64785
18182
65543
40423
54119
66728
26699
39597
58450
5331
68330
62630
71764
61080
23092
63321
53463
9330
49610
27685
46082
10697
18524
21636
20416
28068
42935
66535
69052
6458
14778
3323
49300
43524
13663
49486
26768
10958
17233
46027
10118
64175
21329
56365
10146
30436
6749
54054
54741
17901
52493
11240
3397
22394
48872
11573
38205
69849
37728
60701
25781
42255
54710
17369
55320
13837
17679
11550
28555
39479
13330
36867
57787
52946
24397
57551
22561
49021
51905
61961
3221
20161
68872
13845
20372
56023
62062
63941
42478
15691
33742
61354
10887
45875
7572
2780
13553
67301
23609
27436
66584
58092
42684
29662
33504
13863
29430
65411
49152
3054
60161
49953
42668
16127
56472
41455
68558
54405
3190
42327
25065
24090
15137
41016
41640
64240
25257
58697
58386
40921
30517
24898
55244
63951
57806
45021
50237
44197
4629
29250
10748
39450
46748
60815
62679
774
67845
38317
29806
52327
45578
52070
47376
17132
54370
38515
68635
49525
41971
36890
67828
66065
13753
17027
62360
33305
22652
50391
36317
66381
32301
31520
37073
6547
60229
19769
8857
48670
21585
31747
18005
7700
41999
55583
47765
57418
65315
40254
33347
48891
46445
36910
10242
27340
46150
53916
5563
34066
69062
41342
20499
61863
35577
29378
39466
10283
48334
18642
97
39991
21597
48570
62437
3438
58533
6136
36506
2638
72324
71598
8838
10419
39534
112
44906
54512
45380
3355
51059
46732
48653
10818
72115
63612
44731
18205
10763
24784
52652
51818
15095
68835
44438
62686
42194
49203
52073
23339
59857
45753
8882
28108
1813
72011
39340
39489
45667
57392
21395
20490
28374
13515
27810
15899
22986
67202
51598
26330
28226
7891
70035
50870
69187
53492
29963
69765
19424
68162
52621
72019
72551
53372
44998
33967
38349
10535
1784
68652
17666
20135
16881
66071
45194
55019
69227
19554
21220
31544
72594
43977
18011
43506
48759
35356
1033
37235
33155
28192
62334
65970
50250
29249
18797
5185
13340
24153
65472
22481
29986
41113
41303
38521
40283
34225
48933
69876
66601
40246
16524
47173
68108
22860
15330
57564
37030
14802
61147
15841
34526
32895
16681
57567
30248
48611
3841
67035
9976
60532
12849
7328
20386
28170
30155
2412
21990
38020
36765
36315
18206
17281
54823
43685
19668
2282
3187
11492
57932
67596
8595
65272
66638
17045
4864
24723
50768
61996
13555
33638
15622
47223
12042
48425
70109
68215
34429
6471
49577
63790
9433
22114
24715
18428
67296
6449
30559
50159
52036
47236
5598
51730
62264
45050
2634
60127
7594
54709
25999
48354
6803
50864
20885
47673
40050
20407
71376
51196
53456
70803
35852
15754
20124
8817
10625
11142
4639
433
31402
26780
28996
35322
7609
12907
16626
69048
48757
31840
25126
2657
3064
69386
44195
17707
69285
23047
49729
33751
66563
20336
38295
65484
18901
43311
7868
63327
22060
53653
71548
56263
62752
8162
57053
63948
15252
38885
36289
36124
46841
43139
4891
49952
34629
54896
71106
38493
57894
52835
39832
41400
71573
17682
36574
70201
54251
37061
10799
29445
10968
548
41202
43673
67586
67669
57644
13739
30975
60433
51653
29459
32377
15103
54276
68971
2386
15135
6409
49381
67795
3035
56678
12953
73097
22227
68661
42738
31049
22555
22026
31706
8642
9314
72124
60360
26292
53501
1213
56392
2508
31489
37991
31987
47106
37647
69562
57870
17089
49944
71876
10227
30312
30364
30702
62765
2407
34867
3693
34179
65247
64210
21000
42288
41800
20695
16087
3857
19782
66753
27584
8924
9511
120
34812
2393
26480
11971
14963
14178
17753
12248
40716
6210
28994
54202
3958
19017
24935
29916
49136
17284
34600
37032
11148
66101
41362
21048
36920
17806
12297
29119
45220
71328
54317
65427
61573
57247
43693
69049
57341
24615
42818
39383
52685
30072
37875
54597
23500
69463
68902
2366
67173
71567
42461
29606
34219
30077
40432
40227
7100
46166
64006
15467
11950
67024
67639
19028
33286
21281
50199
44661
64644
24482
5438
62045
56564
15844
16603
5567
11496
69148
66437
17886
54979
9797
45146
4011
29735
1537
48103
14126
49568
917
73085
10759
1306
24120
19834
19535
62647
13097
5619
14137
69992
64014
10792
53681
37754
59773
4005
6515
4694
59685
63524
54442
46938
57814
8536
26368
62368
65220
40328
69573
6820
4815
3360
857
7558
10728
5711
57384
12027
55247
73223
12997
48791
18317
51281
49489
54688
58522
60273
68082
4804
36406
20607
35426
7165
57484
18001
21988
51789
3167
70088
13084
18995
71537
58012
54099
66252
20736
47933
37008
24278
55069
6771
60064
7422
11636
44313
27443
40323
71438
4304
65289
15156
146
54372
65960
38054
31497
72638
12463
34851
73014
60317
48219
23581
67937
25255
43283
30744
9223
29393
20440
26388
20157
23633
48994
64675
24335
72734
64333
63033
60872
19214
44652
30755
64051
36883
9311
13396
64776
7029
29792
66310
18214
14607
59534
43948
17280
67001
53932
2402
71633
43442
39978
70481
46881
66620
28274
10178
47633
48590
6609
56015
37861
18735
52797
6533
47004
32551
39590
62451
47950
1152
63051
32843
55538
24604
15662
20819
9249
18220
28976
35108
34185
60117
27037
2212
45273
43208
30137
67414
4693
56089
12457
18948
32126
7835
3689
57636
1758
32105
27028
58322
59656
19932
26255
18048
58081
38870
1718
20664
72866
62393
15643
15606
43560
34901
30259
71031
27061
32086
54030
51287
64600
8006
28528
37001
36911
17221
57141
31163
40173
4576
52704
41913
32329
8571
72725
9204
39953
39181
40664
914
6435
64724
31280
57941
50316
11200
55748
65854
10520
55523
25448
29274
14488
56935
64273
29660
16408
30222
20078
22155
37691
24689
9285
49914
70319
66749
51526
14791
65176
31617
1117
8732
68430
60765
13554
47674
676
42102
13549
56242
48168
3729
8449
21362
53405
11930
65963
67009
41567
52299
14924
47065
5068
43345
16708
41322
69330
60805
65777
53834
20545
12940
60132
72201
51571
60864
1447
41798
65279
37736
10471
58122
37309
70646
6512
52456
40101
16741
34712
50329
55714
30910
64623
23190
50039
5501
65869
46461
69670
10855
38871
39294
5683
44914
29941
24849
68217
4293
5361
9857
38981
19040
3765
29011
53997
40019
2271
63563
19631
63250
56239
63309
11315
67543
53350
2350
59052
30965
64253
23795
64228
21432
7759
12785
17871
38749
26696
1493
25565
37764
42815
4422
56460
54682
59212
311
69465
70818
69218
53683
68541
68688
37932
65397
18969
71824
58395
39049
58882
35555
35317
72597
60519
12067
71707
52858
3487
56193
30828
42153
33894
44821
21505
34840
13599
18644
15846
30820
43215
44844
55902
50471
6603
44984
67549
30344
14014
55591
58572
19917
10882
39591
40061
71292
59859
69433
30901
36693
71005
37816
730
9783
40569
39357
72469
15245
2045
10093
31745
51064
6663
27673
7326
46547
70704
1161
68613
26072
30389
20150
61768
71808
64609
18947
1710
37865
35129
70517
45998
69720
7112
68171
37256
30449
45400
61192
40721
43001
17429
48011
70107
47859
19095
45745
56226
25252
41842
51390
10871
35726
15671
72224
62833
31549
67847
16323
68103
68422
55620
72427
63689
5301
69286
72451
46575
19717
71725
4647
52994
34053
59148
57778
37004
45723
34552
9752
64752
30674
17128
35797
60711
20198
37798
19273
9948
24766
13295
7713
68003
7860
4507
55593
13995
17079
35442
50784
1733
54356
63589
2187
29549
66176
15925
17520
72999
35697
3119
6257
47850
46571
50272
31585
12256
22510
61821
13781
3199
33532
13632
21120
12345
56949
4113
3930
36682
67628
68069
68402
32446
18698
19111
50473
11462
34002
44840
16858
58650
3024
68140
24422
28951
66730
68705
69491
16747
41987
58048
11357
62884
34420
21390
13798
42589
12287
33392
56373
59302
53060
70851
30453
64661
48468
11349
40805
2121
11406
36293
19895
59157
1606
63543
44459
53828
31111
66187
51804
4488
43743
5256
52238
39436
44202
15209
4190
65268
43127
70489
41396
60146
24679
38863
28120
49530
31483
3988
36252
32311
28419
64127
32009
4074
14875
21550
50277
70379
49078
56689
65945
15636
36186
66227
6070
70390
29227
70849
23937
44172
71271
26186
2029
14685
31231
5650
4761
72612
48019
51422
19325
3189
51874
36016
19288
71665
36119
21704
43613
42397
35840
24357
17360
34124
23377
62409
2591
61827
7336
54333
25399
71679
15600
33179
20959
23368
23383
27634
892
28499
22880
13881
31038
13272
60500
3009
1240
8352
10223
54619
60243
32222
15249
27492
53697
16432
32963
72717
14850
10103
9811
63367
14936
59581
16156
39696
53918
26809
51654
1378
52962
4796
69479
39242
38052
67509
20637
56810
19458
58639
64219
72860
18189
57397
60263
1807
3138
34847
3234
54171
1613
37667
69569
55818
39777
32284
66667
10079
55465
32565
9332
71227
59034
25490
1880
19698
48804
60011
50695
18844
64255
2599
9994
14787
45500
10006
45128
70117
44366
33495
17439
23830
69706
36851
55843
24812
52921
25366
23485
68331
905
2927
47959
59341
27826
50740
57574
30856
29305
25144
54453
56874
50002
15862
57295
13419
17998
4787
19165
53006
34791
60077
55617
31580
15057
68611
3854
19297
56813
41128
44898
72198
44805
67023
30112
65804
2736
333
21225
59617
14217
1137
52197
9526
58555
70807
49386
19411
31193
45811
42950
66008
34986
18491
54375
30516
18600
70676
35684
39053
44542
11209
1233
18717
47411
34492
3523
57451
53281
16306
29943
53609
7378
400
19580
7415
55353
35176
63865
34827
38019
10135
17837
34153
68813
32178
51876
23120
67468
16675
64052
59831
64974
61364
49240
26531
63535
43582
45563
58560
28692
9079
63952
22193
39125
28579
63986
70478
50321
25181
45350
44332
70975
12081
71200
19098
46525
31425
57570
41476
51886
14145
47985
6008
2398
57189
36110
11686
31867
7774
68196
42173
70540
70339
30358
22270
45631
39114
39598
702
67410
60776
21606
30705
70651
62259
22922
27377
32199
16978
7390
73128
23489
10433
55720
62266
24912
66933
19415
15434
21909
20412
37690
39572
49326
71024
52655
33596
26267
8614
14017
36484
8083
57304
40041
5911
42235
44329
55862
35018
45059
26280
57188
14747
53366
37419
64542
19542
59062
46334
22019
2495
58992
55144
50145
7701
47833
21
26650
59027
31406
17634
57007
70138
57845
12551
62910
36087
27880
16076
67174
42619
4889
29314
53254
24782
40463
43041
8013
11719
62404
29901
32314
62160
71834
23063
46767
24320
9524
17511
28878
32125
57722
40689
48591
58016
71636
38882
44721
21774
52077
14659
68175
58148
1616
61620
58249
9534
2446
32542
56160
38255
55493
35988
43378
42846
31270
16137
34717
17285
31835
69736
21228
64235
23597
50349
19951
63009
61639
37183
41422
65368
43776
5173
7250
51836
71339
43919
29932
5636
7046
35188
32271
57459
11494
1653
59964
59347
42823
40849
70482
38042
14028
27491
19174
70312
52075
64126
59553
54817
32273
27105
52321
25646
7241
47342
44490
65781
52091
2341
36152
31755
5788
42624
25045
64706
4317
34687
72588
37123
19423
30861
25327
29495
36006
29820
27545
14813
3002
53694
38261
37397
36902
33877
9297
35392
34325
25584
43447
55796
17033
8053
54483
73222
48135
52539
14754
34904
35084
33085
17350
22824
61388
47064
53030
19224
61341
5737
21994
41402
71893
41109
46414
9238
32316
20355
51260
34237
16181
47659
15128
45382
46544
5100
51338
24282
23566
4294
63026
39256
22406
36579
55394
32382
37682
39274
23580
38497
44845
9619
45013
14577
45759
21067
53553
9284
55033
69020
36369
59898
8184
16074
61790
11876
31721
39169
822
67319
42713
23595
63192
33033
65078
56725
21009
7639
35965
19158
6316
12079
32842
21934
49938
39726
56109
70032
69310
17187
20632
51211
56592
22462
14926
54948
53778
19666
13929
58058
34046
61883
27648
62162
37377
50388
70784
28836
21998
50886
60785
50780
70631
28441
1097
1590
31766
19122
69517
43920
53959
55842
15714
8546
60497
12136
26054
44493
48606
63061
31926
32210
19021
41287
21333
37473
16347
63753
7229
10828
50223
45167
33381
1851
34824
49526
57386
72091
29212
54864
34134
22411
28752
66982
51283
66383
46640
47548
12068
39002
40700
73161
69858
40282
41451
58685
22862
68885
31240
72877
66305
43106
6074
39977
14598
13456
28597
18614
54510
22924
28190
53935
15633
45489
30080
29861
12731
63895
58317
28514
16725
62211
55286
16168
55822
51445
30523
63573
39961
1778
882
62956
4367
64583
32663
26945
22898
6224
32690
23253
41017
22426
59262
52143
41304
72193
3317
16640
6508
63684
64124
62894
66398
21061
54813
69800
50429
28588
59730
48623
28516
54366
47526
5395
35471
42014
33402
11150
24613
61029
70224
6322
32135
32578
69910
51154
55044
20296
40113
29603
42531
15461
28293
1176
7430
53649
31430
48222
61028
9999
25712
15206
30304
64684
8381
22430
35249
37195
6651
69182
28507
68332
63851
29196
21682
43012
61754
23066
11267
26093
21895
1149
40589
59682
56091
56807
50551
20623
23299
34759
45262
48851
52242
46804
14857
57016
43449
69982
4195
54578
20946
14077
67055
40973
68841
48794
7763
59187
23893
19300
58106
67699
65902
65922
39559
13147
68276
4985
44752
47216
27583
1527
43890
24938
25461
35045
46252
49978
56040
25665
27576
28634
45308
61837
7550
62132
28002
45477
42726
54417
46975
22482
9144
10863
44056
14199
5970
1891
20345
18484
61415
38283
13440
12019
21082
39536
52443
25793
57476
43788
7981
16391
69432
32070
38049
32333
24888
5484
43656
41746
7370
55384
5980
51857
72614
12106
43905
6293
55397
62896
49514
30093
11862
65492
5877
51975
29938
42197
28801
52574
69398
8818
47568
71630
45735
60194
54444
31652
24675
16361
41704
7063
43932
43020
6105
22517
44102
50424
6208
50372
42843
31040
10342
21294
4421
42853
6628
11845
15728
45600
37167
31458
38837
49677
52357
28558
14011
19289
35376
69841
36644
51413
14586
36154
51304
16410
53017
29926
48456
44539
26811
13953
22816
40646
54876
43597
32742
63947
20351
1373
28456
49928
72239
45871
4048
13054
18546
30711
44330
65786
5597
12883
22167
66905
22895
26638
52869
19327
14824
43388
52702
3851
63654
16139
17780
44506
60738
20292
48373
31235
35026
7285
7397
30919
3560
40424
72441
59722
61434
26353
13570
65245
60059
59172
63496
6296
34275
38647
73228
23042
39970
71463
40751
34188
28330
21622
67431
70375
67686
72481
57648
70440
63484
35603
64390
34222
55255
13725
62646
2110
72893
67181
21359
46291
30458
26189
31084
68394
50708
4098
24084
68184
15110
24866
4418
37488
18226
26672
27456
6866
70230
50770
68586
51711
6080
5614
15492
54332
32684
6868
33577
52612
43982
3768
1828
54187
10319
67818
67967
2105
67934
3990
22435
12102
10298
16305
9013
13080
72601
44062
57600
50334
42250
7006
8303
12282
66265
60111
56999
7449
65244
56189
1314
61108
25767
11417
73136
42975
25946
45673
31132
66183
43131
68626
2321
40568
21004
31518
62425
55014
25612
23200
11310
24512
47472
44344
43912
36185
37301
9992
72322
49028
55871
3800
25697
55050
41918
7730
10679
58214
35484
25919
41614
32651
32708
55741
30064
39556
54713
23963
54217
64543
32281
71232
42155
4275
15922
24553
45449
28621
64469
61004
23410
16010
20758
24902
54650
783
49697
40107
37479
41672
17678
42537
72986
9067
70216
29318
62778
10973
38208
26278
69468
62799
3203
54396
53424
16694
26251
34324
28971
66000
20835
39508
38026
66898
39417
71714
6855
16815
61665
43736
5221
46298
37213
45301
58856
59403
49276
47179
7894
25666
60462
27405
66456
34843
64799
20036
28808
54034
44618
53199
49815
69162
42031
2815
12455
3430
56800
61539
32774
54501
34304
61349
69637
32421
22347
38356
43417
7757
65828
4868
35864
4619
30076
61338
21207
70163
24413
66963
31008
50948
58489
24947
502
2283
61731
51217
65074
3392
38242
44973
38580
62740
56405
4930
13886
482
10252
34331
32026
58380
64301
17000
68787
29616
66096
42236
37897
37826
71472
21263
34050
35688
70342
42740
38154
62786
27719
52628
41088
53643
52309
30601
54615
37982
53103
57731
16126
29394
2887
66896
55256
4017
34070
20186
54778
16042
38577
45776
24485
13285
54001
47091
49929
51694
16461
57708
35159
68279
18840
6098
61424
56752
37799
40571
22689
57704
19029
25233
36357
50533
54860
48528
4908
14668
44574
26000
51824
45333
45749
53963
45983
55225
7744
41208
23520
22088
65369
11130
45902
3939
14493
45601
50532
32615
15043
50578
30117
18039
71053
24949
16560
63921
27659
61293
58398
21753
45663
41300
3217
37011
66901
19275
69621
13912
66121
25901
63307
8043
20983
14657
45450
44586
41709
11346
56871
29181
7211
40327
16530
59661
23545
59451
67126
19195
17646
36153
19648
70593
17052
34323
55261
32456
12981
72194
20923
2373
58818
34421
68415
58814
31359
16862
19093
65583
24681
65948
51756
25691
28436
53892
63195
47927
72802
31888
69661
66035
10996
20977
70318
21380
66537
2703
24600
46956
57500
34163
44016
28349
30332
41691
13583
55421
29363
70170
53035
57650
25955
31679
40559
11477
20283
63510
1609
1969
26179
749
58428
36942
68433
34522
29750
16632
67447
55423
59527
73099
56256
32431
40624
163
61486
24411
15184
31162
51791
38966
3692
60845
24771
55386
11840
42666
7374
40752
64252
47386
54895
31655
47482
70214
65188
50702
46948
32132
24047
50028
32530
39402
36261
72204
50275
53791
28019
37684
47439
48139
15697
2048
46044
42495
29410
22601
67138
49485
62990
22322
56441
39943
47192
51474
15386
45002
18740
70261
27461
25367
68351
50978
12002
17853
25854
8564
27629
52449
16749
35618
54544
68892
64158
70548
30863
40753
911
48527
35963
20179
22494
36635
19427
57930
14519
33062
37519
23481
49459
65154
2304
57155
40490
36721
20720
57631
37841
5160
55123
44017
4575
26216
35848
7271
61496
55973
26094
2098
22957
72411
47970
73144
62281
43997
44263
6081
47294
39401
15918
23021
58157
68130
14648
7803
55186
141
13764
61545
7269
69859
60657
72063
52518
23513
25858
65737
62490
9973
51400
3289
44039
54245
66016
54429
54999
47617
54819
24171
22953
48363
68676
5434
44759
59129
23255
24162
35140
17540
59759
41436
7556
63531
37246
47807
59017
57475
8654
40249
9263
27653
17404
48328
18704
69966
41648
61253
4780
68212
11664
22009
67075
64883
59896
9147
61057
55321
41525
54033
36973
10774
27452
5710
17311
53642
5108
5082
44887
48511
62766
52072
59662
56613
52089
14949
30487
25850
66052
44761
26873
54186
5218
9271
5240
38012
41806
56417
39570
70538
70012
12419
14063
64972
54525
8510
49878
19259
54916
30581
31771
7900
62591
31740
62443
43915
34978
34773
23528
55325
4533
14608
9143
10383
47623
13735
59113
6613
41355
10423
13706
64761
44890
47507
37125
54345
31275
299
58059
69872
6200
71206
33822
5582
5398
22540
7069
55401
27915
4450
13649
3812
28921
57745
29370
40303
60017
30679
46322
50821
61749
51418
24196
13211
24081
53173
27477
