69233
3769
51894
58562
70172
1966
24576
56335
59496
32948
19144
3964
63093
59409
39009
9046
29854
43182
5127
50911
16280
73157
42436
45654
50987
33874
31094
55574
20937
35978
43407
15707
55577
28764
53232
44807
5117
70758
575
28204
15765
23198
35954
64967
43841
28838
37384
66566
54675
52719
57078
7543
70979
38725
60675
18590
26971
49648
28661
4246
3713
59989
35627
8508
64621
9647
17728
46146
68796
44656
72960
13434
11447
53543
19958
22709
41755
52494
49939
53970
29433
32541
16850
63241
21374
14214
31648
55440
35925
19805
20922
21118
58258
41628
39058
52607
26896
734
66054
4978
39473
37917
29061
9506
31043
54259
48668
70754
18872
46859
59891
28926
63651
32205
63042
73017
60419
7338
59298
56163
48246
15962
50915
65635
71020
41789
65255
46562
59383
19901
67689
53531
11711
50123
4062
435
53144
64873
7534
5821
41836
11096
17953
12859
55268
58788
16396
55755
52790
60558
54164
41036
30778
55726
51118
39078
62994
63408
18282
28535
38526
3782
23281
71493
69717
58149
3073
13755
35214
52673
29561
34432
10644
5323
72596
66750
12454
34073
19467
57995
16580
43156
72208
48175
22779
41887
21824
9503
71771
23163
51570
24735
11393
36750
56484
63304
51155
54214
67366
24836
31561
72603
43573
13704
1040
25040
51173
49102
45671
23730
8203
6402
41666
30353
42977
51188
23091
33736
56804
34863
61261
60394
61370
31252
48625
40758
41767
32889
54131
57830
71413
58230
10041
65430
44036
48683
20203
73113
50160
68288
7582
72255
36493
2125
71816
38975
38401
8746
47592
44622
33727
22247
28887
36695
11342
67404
6146
26397
69132
51038
22751
69074
69259
53200
72065
2086
47063
23958
40599
69532
22676
63335
68253
38892
5465
70189
5799
4182
68498
43806
47679
38719
72956
20543
18808
13898
41352
19705
3675
64985
61755
41810
10550
47740
70134
41656
6996
17058
53893
57181
54822
53577
21021
42325
41044
61974
55731
46586
23152
11469
52445
18058
4766
22414
22631
51869
67704
44981
5757
5927
19891
37083
26883
5680
70366
21190
11884
68319
42998
22161
35942
4923
47467
72685
9340
23197
59548
19479
20195
48701
56925
39072
4277
20732
21130
70569
50920
18163
62066
47007
11255
13982
28174
12661
51093
37069
34499
64634
11793
41397
63236
57658
29404
64482
34613
1627
18851
46368
27600
11460
61612
57566
69976
47966
26096
34251
42463
8123
22470
67626
64295
3132
8876
48104
3681
2246
52108
40447
21367
5452
42693
38699
57730
20515
2464
24540
15028
34409
23999
29587
21277
33482
53112
47293
50761
51595
36380
47842
65864
2528
10661
467
10463
2239
72586
4579
59333
66714
66429
15373
10615
59947
33378
5633
1147
57221
37760
63857
57186
15740
53985
36696
4022
47901
14467
4402
60810
32608
50183
39833
39574
29053
16015
2856
34555
54279
39891
42419
61442
61715
31632
57541
5874
11851
22889
21829
15169
7805
39967
1053
13099
23981
6593
45628
26537
12013
66382
8902
46676
10224
24816
61054
53443
69738
28968
69995
293
49950
22325
54946
65192
45009
37210
44326
12351
61728
4984
54862
4721
52666
5059
55965
18120
46576
18383
12400
26337
59777
72852
36411
12816
2176
32466
44868
57829
61488
9845
41440
25728
40242
40209
15125
54149
11992
2244
34951
52689
13131
39223
56753
60597
71286
70656
66913
15474
29275
44069
57792
40686
13192
3623
42521
51167
33703
14231
40719
60719
23648
18169
42957
45204
30580
56544
48913
66541
48380
32849
12684
55539
27239
63882
27307
11033
4592
39744
4443
58191
28964
45884
45397
4067
32918
52738
67146
68067
6893
60361
62384
2962
10833
2730
721
31743
37859
19096
56995
41418
72105
49227
57216
62507
7753
8813
5666
31773
69902
39627
37245
26774
15341
64833
10785
66120
54498
34619
47158
60366
46946
16548
58808
64500
20850
62231
13314
72567
33089
18762
44822
51782
42477
59360
71664
70712
57310
33430
68165
16395
5671
46555
63113
64816
13202
52471
51268
46784
11053
5939
56797
34279
39611
7581
17973
908
39441
15438
57388
14615
31871
33272
54638
17843
21358
28935
25685
51087
22244
5003
42026
36210
30791
29532
422
28107
58225
25324
43602
67136
60431
51048
4043
35303
61801
24501
39858
14578
71212
9844
72610
36325
37391
7931
10258
40035
13822
68591
6096
70820
32783
46202
6776
565
45242
71373
62650
47817
22366
49567
41889
7258
36669
9864
65166
35337
41354
70469
19051
34080
1866
38612
39825
54749
49378
61593
42849
60173
36475
25643
48826
56798
13225
39180
14251
19548
40923
43459
49711
40509
35019
25914
64830
47843
38951
51764
65774
1867
43559
47259
31946
54556
60989
70483
40226
26080
15832
20265
19212
32428
52196
13766
46177
67390
71900
2192
47028
49109
69180
71992
2640
4859
14074
36519
65921
26464
14094
66464
16797
2276
14369
40433
27013
3605
43850
21168
2954
1350
12070
58691
42474
39440
66775
30451
1759
36559
54595
58763
30868
22231
1324
13176
22023
3507
12026
56568
59337
57416
20675
9755
44801
61764
41020
67229
66354
25499
30318
27566
47939
37102
67351
28414
51723
33452
48871
6647
12403
54806
40836
55274
49628
53525
40535
8046
17783
65602
21762
62216
36494
32845
22673
582
66291
48878
5013
19493
18212
54897
40918
44698
13850
43959
28165
23034
64907
8857
55921
6302
62341
29194
55552
9502
69333
9895
27814
19839
19310
50809
45967
63385
21716
48159
26050
49401
47151
21632
26262
40932
54649
14865
22624
64466
6177
59376
21229
21538
8956
44684
72325
61320
357
68337
57106
25900
64260
37181
35760
55794
65881
70880
19916
53336
27587
42609
45440
52552
57740
12357
48002
68261
58610
10597
28025
6916
12616
7586
30768
28145
31614
38617
32617
60716
41776
15351
39775
64123
72311
14662
8230
1708
50941
13624
45807
69410
70021
2834
18477
67539
15449
46290
27509
54069
52324
7675
19558
8943
38880
30624
17468
72345
6715
50060
58984
4946
6304
4054
49658
60184
46708
60749
35155
68118
65203
40934
33207
67061
15354
52754
37695
40511
8039
29624
33253
39526
63247
11886
28807
70953
42721
35532
52703
48712
45985
18892
31203
13323
17085
62936
69862
19236
409
50366
41021
48910
30414
17934
35550
21482
72407
14714
5910
66179
19239
63988
60780
62411
17197
7073
64932
33536
40028
52264
41442
34879
29087
8269
22679
40233
8072
8183
63827
27997
50213
61373
26993
64846
70391
30366
62897
32897
5868
57085
48928
38404
53051
67926
6610
42440
37927
54348
55865
32124
60842
55470
87
42359
28689
65868
65775
53431
20754
26016
43798
49534
36441
31171
12188
38564
13016
10414
12349
29282
49525
26633
20147
61833
19909
470
57092
62720
32734
72565
18305
64829
21977
67022
14097
18803
35685
1216
38729
53969
21382
50685
6493
67336
54421
64086
15228
2141
63137
33459
57797
20217
59218
66783
12139
17126
56523
70765
35269
65206
34161
5669
44238
18929
16173
42614
1196
54482
49226
46226
68725
64287
71557
72379
2028
3719
65937
18629
31399
46075
21847
66959
58024
67740
55003
43165
26964
38715
61201
25446
40827
64906
4351
64459
1003
16672
1588
15020
23244
30948
27737
8606
55647
46994
6986
51274
41934
392
70916
24202
20069
69828
64755
23199
3522
33585
17507
58805
68354
55642
43475
10243
14387
53606
34303
20879
56301
54020
33235
6477
54146
33401
5511
40865
7788
8931
40038
59813
48670
4629
12812
63056
19405
14697
5201
25951
47754
5920
8731
33992
5397
47166
41852
37772
58387
68819
68928
69058
33633
43702
28912
43863
1939
63007
61399
40
52898
25814
8067
42663
61311
40307
30496
61926
4251
5807
37133
65954
52982
35185
36531
24140
22169
48334
70010
13284
50586
31408
44276
7539
42834
984
72701
40204
16165
50825
7626
18827
4323
38603
32253
49620
2529
42078
53417
55303
63349
44525
1046
18369
41376
27109
49336
48592
70805
40133
58750
13544
63699
20116
31975
54006
46337
42234
35228
61849
2939
9280
32698
53504
29788
22209
7118
11987
50865
52422
15349
26540
8257
11102
3148
58459
33329
9687
61417
70240
36981
16021
2407
14391
27855
11142
53269
37644
10763
45722
16200
42091
33167
34071
63466
18397
68335
45391
41377
28316
61247
7697
61446
18206
61510
35966
20055
51139
19823
40322
72131
57279
28793
69528
57158
13601
36670
7128
22364
55692
14013
20336
73115
31812
38764
31498
15930
8563
8199
59367
56470
70800
4560
14015
18701
60055
42915
6958
31524
59808
43937
39859
61945
60834
2748
30874
22863
29226
10283
4680
38457
44906
35481
19688
29317
55792
35577
68734
59968
55730
62168
50094
58804
45385
32147
44421
55624
6049
3099
68578
65824
24037
5363
63444
34332
4847
67286
24178
10923
14944
22298
30285
52306
22527
6815
73002
66285
34343
19856
65915
10346
34588
70111
14144
8173
24598
24291
18998
33409
11105
65637
5842
16865
13301
10581
8595
14212
67766
62378
29767
15196
28282
15841
52501
23294
38938
44352
26906
70885
29552
61631
28245
63071
66116
42195
63180
61
48267
316
36991
36198
14846
57661
58130
42291
61048
11097
41891
22660
48194
19837
16106
9473
52932
38020
26371
34066
6406
48038
36012
61224
56421
9165
37201
47999
56309
35335
1213
41158
32192
42552
34351
2468
28996
24818
27027
1150
17475
37096
37611
66482
15982
49214
11782
57077
45345
14688
56221
57983
60103
59669
6774
50010
46725
258
71049
14802
61536
72312
7126
61888
17290
70760
22158
54754
10997
37264
16355
19765
37833
49173
42634
34491
13422
61133
60382
47009
30317
53635
9574
61304
16898
17415
65793
68981
45873
47060
5955
2412
68014
36909
61737
36850
20887
55500
41825
8612
51450
65277
52526
67128
2155
41748
21416
71757
37888
24920
28607
71554
18799
27891
13132
66317
46137
45070
62087
48113
17661
51383
22522
13491
4738
36814
12601
50972
42963
51598
19153
64992
12012
41592
37381
65260
61103
9436
13002
72629
50333
69249
62410
49669
57413
22024
52461
32696
6447
31066
5137
13686
7154
29048
47460
69541
1770
59670
1330
11111
39784
53133
3850
32206
60677
61678
26624
4639
72463
26930
48022
58394
56580
66785
26006
73176
10916
12579
15054
5932
31841
81
7852
58356
44379
38785
65008
72507
26368
45962
62091
4886
60352
68701
42722
13153
25071
38579
51944
35951
36048
34001
30718
49244
35331
18413
64724
36787
54740
22152
70735
44289
11772
10783
10215
2405
58388
55806
28077
19177
3229
1065
11736
62634
63615
49727
6965
51275
31767
8187
36098
13400
47630
3167
48231
59758
39031
66642
2656
7253
4534
43693
62617
53955
12980
19328
54098
30469
26534
5899
59009
60686
43819
33503
9285
16008
60471
68747
55273
38117
29896
72729
47762
47949
40078
28337
36960
69280
41129
70011
68665
34560
47182
47133
63112
26454
39638
68010
50031
66316
26333
26843
43948
27900
43675
50771
5050
17084
10722
65785
69290
23508
66951
10176
73217
67533
72747
6023
24513
25841
5641
34893
10504
71639
62206
36212
30182
40655
41421
44602
4872
33175
39075
18498
60280
12199
43624
4521
51108
71905
12322
18444
33494
54282
56249
31759
59340
31367
69959
66165
65029
19925
11982
36060
24166
35646
32327
61444
47210
3818
30928
53965
3593
30113
5406
64028
52986
57123
6745
1894
32024
34455
43846
6416
14438
30980
1522
54196
30420
41075
12905
62791
35145
11158
71618
55527
25175
35151
47653
8449
38488
1926
52063
54853
31625
29274
37863
42137
71204
36516
36301
3019
19451
42421
7030
35531
61703
10724
48649
15523
37422
70387
35620
13836
69086
23581
24258
39203
21552
50136
67702
39880
24335
12698
66213
21478
4368
33389
25421
5683
24278
33017
67708
35357
8420
64309
61069
66275
55622
18930
27398
17417
43120
5166
44859
43969
36298
8340
54656
25185
15398
40664
51746
23113
9721
44917
64566
22235
60516
66504
15094
56661
71510
59900
28375
62899
23679
41554
33221
16161
23542
3629
33937
45633
63014
67189
41404
51571
64990
46106
16019
58018
52847
69321
70705
1384
49206
63962
763
14501
60674
26027
21383
40547
71784
53257
65214
66645
2820
7124
40832
303
32575
64959
1841
2943
4756
6512
7558
26270
43412
21911
37332
42818
45527
65416
42987
5224
21251
33286
31443
9548
63129
48205
42649
42933
13520
10112
63763
55589
47328
13203
50884
12247
45338
62078
72592
10106
48522
30902
58075
66849
39497
69563
25511
24274
7114
46092
48125
30219
50199
18125
72165
29103
25453
59601
69172
70500
45545
65820
48968
4890
19055
9137
45699
47733
41560
41221
28606
40460
55446
39284
972
52546
72963
59271
39933
56157
18890
53974
48301
19009
34132
47588
27640
17748
30443
48580
40971
15156
56570
41801
30542
36442
72780
4580
51918
43442
37970
45005
49057
55263
36941
46614
53204
19728
21254
7994
69202
45705
25275
65462
33059
37472
68088
42368
42388
39696
66974
61793
37335
1895
21330
23547
67910
14828
59494
20959
36852
10565
35444
52706
45492
69722
55377
61199
38945
29832
71963
59519
30883
38769
4620
26929
9617
34974
71350
6791
25360
54622
20182
42565
17514
30484
14388
13780
1087
22989
53666
1356
16443
69189
39875
27901
28899
56566
23918
32943
8955
826
28083
23656
40859
60938
25303
28263
23191
36102
2699
34710
31119
40848
5067
54340
54591
58595
13777
27008
22220
34344
57488
1044
66892
24985
26709
2051
60890
49077
52491
39110
45785
7568
32522
29880
66248
52527
33341
71698
23871
31416
61859
9752
2792
33271
60898
39537
47400
44020
16513
13702
63381
65566
12869
41350
12151
52391
28569
38338
18984
30884
9625
7326
49181
2747
66051
57831
39010
17160
72961
72525
23311
55620
50664
35212
41283
8041
15539
55535
14535
70789
35734
39498
22852
29184
15925
50957
31887
66879
66002
26249
9128
50906
12292
48849
37256
25565
26893
65425
52268
6830
30914
56829
17189
14796
42342
4225
38749
44840
51404
64314
3265
44844
46706
13266
72094
71583
62955
58114
63053
72170
31111
25460
68688
2115
34137
41494
14918
55988
35355
24022
31588
10866
25536
5214
7860
66400
70922
3227
56185
53809
29679
14499
63623
55813
23017
68347
29015
3708
7084
36536
60734
31451
68541
50700
36710
67194
50233
48414
60736
62141
46007
60222
22564
16086
63924
47084
11933
64605
32344
28587
19982
52985
48367
24020
65587
61236
41930
8316
66282
66786
55935
53998
14827
29886
52521
63231
61146
50387
24587
43270
38134
23808
1442
33440
24523
70855
59237
58621
72035
57778
34963
68719
51003
64632
29347
68473
51689
65429
6519
51616
33365
29399
14500
62669
4328
16657
59115
54711
17534
28435
64793
49804
28610
34604
31483
38464
67371
52670
9633
6389
69289
10193
66417
51391
31459
72175
71898
16747
57605
48510
67805
52450
44385
44697
47287
1613
14912
72056
16048
45616
29214
36994
51302
64341
25301
36063
22053
9172
40389
14012
8521
31038
61778
31675
34552
22655
27692
67463
62683
47643
18758
1167
37939
56868
61214
52202
61590
14826
21444
51865
39218
67421
36996
1606
43593
61275
37787
47045
31187
46575
54197
59621
49115
45416
29658
48413
61049
68567
21608
18433
36260
68103
48911
4554
6315
58946
68853
17755
3017
11268
12991
40613
49420
10666
8054
24705
40930
65554
71182
41098
48468
2738
71543
12003
595
19332
20506
1556
61098
53978
35273
45846
31407
44086
46
61335
5884
69114
27555
63445
26470
12711
38506
17198
69808
25804
47985
43309
2059
66347
11746
5391
67802
33596
34077
54962
72183
71444
56845
5682
7774
52681
36056
41422
48741
24400
30667
48434
54587
48065
9809
15091
28104
5060
4107
2557
5630
69630
38933
46338
57972
50867
64112
21555
59050
8465
42846
15904
16750
33000
43206
62151
7448
51399
11762
68766
48870
42103
2789
18292
52247
56155
45136
20118
52162
25013
69684
63650
27311
48697
29809
21883
27866
38489
57214
24918
39086
56013
9018
14169
24607
51664
65309
2805
43751
23764
60432
44071
68316
18438
9959
44324
24912
42498
8614
26933
21826
40780
49020
25234
5739
52424
53096
48314
19161
19116
11045
51819
22256
18898
56259
28878
12241
19967
54976
32106
64725
60801
37763
52504
12399
17277
63293
23784
15131
15086
28698
24846
41541
43916
49417
64349
68374
72695
34906
51415
38308
70978
39339
5239
423
63463
24826
13070
4492
58687
65360
24812
40411
51104
31547
54296
44445
1983
12922
33758
25639
46093
8616
22874
6614
29030
1084
6383
46316
47708
20761
22273
22214
1144
7015
20338
51025
52800
56706
32766
29676
7208
25822
6249
15213
980
11795
40203
51988
40335
34961
29829
60196
57768
7190
8867
22944
12277
41452
70861
54646
37881
60039
6395
37873
55476
72299
40722
45815
46601
20537
14950
23676
13665
67411
64917
11534
46091
36335
54629
63065
39445
7831
41
43866
50241
43570
71879
27578
56063
23613
58631
5558
55482
123
32862
59249
36803
59637
48244
13566
45356
41319
6558
63168
1344
39299
42205
18086
1282
14419
59770
22785
18697
45620
11134
66820
38033
8017
55824
52075
33776
38822
64434
22089
10006
47812
47772
46262
63062
19438
42022
30047
63776
56854
42840
73229
27164
41270
17937
67513
30617
34297
69013
11389
12507
26320
52245
69536
23153
18887
25791
18201
16962
8522
35168
43186
33206
51908
60453
49179
47212
63567
15203
38678
15113
60218
2602
46482
53714
51032
67428
69500
28271
45318
31486
63688
65159
15977
29303
53299
55950
3725
72681
62697
828
18004
30196
69360
4369
42079
15057
7971
11039
32903
21793
21040
36769
25881
42823
63584
70622
22766
46779
68536
35520
26343
5420
45961
47916
14149
37216
36751
29118
71217
19989
64518
47524
37353
59410
62466
72085
10754
38689
16401
28978
33183
14730
12373
65021
45221
58948
50889
29607
50727
70566
41054
38899
55509
24658
40872
7500
73243
2224
25832
27117
7570
28818
63564
27802
63505
11348
20746
10191
21200
19875
67896
44048
7189
34019
19256
35068
62822
59893
23875
25864
36240
42571
53759
36223
25553
56104
67915
18140
29352
57634
877
29301
9803
39015
1025
53396
48331
11516
8499
56991
37994
43381
25230
32130
27108
58547
17724
4570
35203
45315
28200
48915
7907
63029
18935
51515
43129
50908
38504
71975
62212
24529
52145
53550
13779
66240
40325
811
16762
17308
24714
27949
69153
61113
28427
2666
58222
62139
34361
45305
4294
1484
8375
23603
35226
45132
17537
66937
20960
6357
5785
14110
2510
44064
37195
1184
34642
55518
49509
36165
38979
12052
14916
70073
30236
42241
41508
63940
52331
17575
20138
12225
54914
24787
13929
45121
42854
26120
2326
11504
56411
20146
32930
9313
25865
56145
69904
17232
51053
57850
6982
36514
50195
70435
4857
51738
44966
20975
609
29907
20784
28801
69193
54129
51157
37645
52978
24132
23756
9047
21895
64987
20074
62335
63557
60991
51111
18078
42956
4771
202
8513
72646
42084
68301
29437
10092
28219
16022
56109
57824
35466
21737
17538
54507
18689
58058
61591
57476
42146
52545
51338
71293
25494
41545
35965
70102
691
14986
27174
26074
39488
28876
16291
18143
8862
56161
11845
42043
42713
63067
37120
2762
73065
7133
60905
50036
1596
39433
44907
43305
61662
18238
42429
56353
5129
32958
26264
4754
24675
43497
64682
2475
59536
12688
50564
22402
53376
22269
35004
61267
38310
23673
34595
54510
9999
67108
12185
47295
6394
28521
28423
38804
58355
64340
22964
46721
36443
6892
8930
16442
16329
39542
57319
19182
53258
37396
16168
43905
21995
6426
23105
32211
72741
6971
13517
51678
12501
47485
4330
9449
50156
44518
18649
15648
4881
22115
18244
14038
25246
73145
58915
56759
36766
71998
70836
67406
46148
31389
27753
38121
14297
49788
35387
67789
11735
46046
69007
58551
28426
24435
45528
66162
61754
56558
59898
25840
67966
18751
32939
45850
63074
14844
13876
45038
15823
8419
3096
4650
70224
49584
63130
52667
38565
34372
33381
36344
2406
27351
34445
45806
45057
21293
51915
20825
64091
70710
4114
20318
30990
23853
48725
11663
8339
59362
68797
43658
34357
60692
61090
36074
68093
69116
40508
572
68332
3582
70572
46178
15746
10931
39127
8132
71703
19246
71684
20735
13215
23800
9144
4656
50732
65016
3584
65323
49765
56779
50506
52813
49106
62940
51376
30473
52408
5122
16822
56596
57355
60346
72614
21089
31414
3385
1171
70841
44918
10966
64282
23903
71980
71857
59026
3431
22372
10993
52059
16575
3577
47464
68935
32414
32032
55663
52038
29917
31933
50500
33028
27655
23024
9589
72954
48789
31526
68805
37450
10573
12930
53637
66166
1967
3093
28609
64111
51872
5634
25475
38657
5207
65767
65431
14082
5132
32816
67673
20259
63894
43203
26257
72548
36168
34311
17487
61108
24765
20893
16546
39392
43735
18034
61060
70292
4418
31503
52903
59307
22894
45897
65367
12466
16581
61559
6385
7629
73015
36545
55719
26101
33107
52431
12974
52428
9709
10684
32650
36567
31244
37363
65643
57167
61869
49891
58582
32982
50550
57708
17108
49815
28731
70989
45396
57893
37042
49560
63013
25960
51765
44112
61585
55172
72273
59023
2321
57996
47876
67028
28556
41427
27360
23868
51694
31484
35189
70877
37561
20758
59546
25852
42001
39561
71915
15298
13268
26111
58853
18811
52172
3208
58663
29452
25946
63587
41697
20864
19745
24453
17366
2668
20425
68497
54469
64643
15225
44469
65968
26233
35572
56321
55848
65245
67472
60456
31330
35097
70985
37749
12492
29872
31480
52818
46716
6618
69078
62567
7449
48636
17689
47539
41923
3361
41502
22646
12415
40963
39271
5775
18764
65935
50114
31571
25612
35276
15580
70815
28548
72397
38889
9485
10156
25231
71809
59229
4029
47954
41500
35522
56948
24055
54311
46494
52525
48756
72481
67983
50802
23574
71793
24126
29795
18894
28808
50373
23520
47398
50214
70061
25866
56493
72706
22583
40568
10266
43644
40512
11542
752
16148
67672
59811
8330
4788
11788
6061
20582
11621
54867
40646
43388
47074
46458
5791
54292
64296
29812
2575
24160
4591
14032
66898
63054
68132
25651
39884
49707
49366
20875
57763
46035
1449
12169
14780
35830
42417
17678
62406
47743
65546
60918
29990
57288
36611
6552
45102
37213
39716
31778
26811
39927
10065
16286
55641
38647
50142
50569
68814
35143
61530
44308
45279
47641
5758
37826
55283
46939
24549
14180
18343
11182
15939
11446
72869
72156
63616
55141
11642
727
20447
64711
57038
33474
32905
21849
66423
18060
70456
10304
46182
53314
17981
7491
8640
51610
64270
14493
49201
2235
10786
67782
51508
65395
29498
33747
16302
3770
4085
52023
49228
6225
64589
3800
1583
27860
22243
62964
44973
25718
61220
64828
29297
13448
5597
66022
67563
36386
38609
13271
16614
25995
70889
45312
39762
15018
60608
25977
70286
39230
15144
70891
3066
15922
45910
26024
37502
19475
66918
26087
22925
27970
1644
40896
40473
25907
34690
47832
53715
60188
23479
39544
6661
15463
18921
24840
56788
42502
16042
37021
16584
23935
52283
18822
42692
35490
10861
58132
62112
53650
20827
67797
13764
34154
27687
44278
23043
15233
70171
70548
9567
20583
36364
3910
38694
51435
48201
15187
2360
48788
67857
65583
56730
41648
22451
3812
4707
17853
52348
27951
10989
68383
57357
54111
20268
34978
36935
408
58814
2760
61749
32732
2408
42896
33739
46923
32166
11682
43320
17101
72914
22916
11840
25007
67201
27461
35758
40105
46645
1664
38919
14458
32582
550
28329
35993
30123
9482
28495
67999
27597
63663
54891
24308
51733
40490
60400
26009
38746
8515
19648
19269
30790
13055
59610
71388
31317
31768
28092
45898
14879
58142
23476
39406
69560
25190
38260
3455
7488
24661
16744
58977
51452
46557
14291
53381
36195
53035
33955
219
36761
31888
67391
37870
32622
20539
17779
62124
61057
55400
39003
52606
17339
58417
289
41305
44714
31964
68307
33082
31815
8850
62633
60534
5646
21221
36942
17470
31475
66553
11586
45870
64944
37966
17948
68985
47083
53633
70532
47318
32458
15318
47341
65189
61777
57475
66751
68900
60362
39152
35871
67101
60829
31433
10961
36914
30487
25788
34283
15096
8217
36125
61587
61948
68151
1062
68803
73173
30845
43705
35120
48084
10927
22893
41995
38895
10198
33433
9293
19918
44224
25855
53141
47909
28030
68679
45247
58916
6777
30880
52150
6317
53408
40049
7435
46900
40258
10971
24081
28991
53074
53583
11622
35957
38278
4230
55511
25861
58134
24555
520
58887
39279
69639
59277
13100
60488
22218
27617
61021
71254
52570
30848
57896
51911
31832
61528
2150
1276
36076
36541
45608
70318
50970
60411
12775
39527
17311
43086
60019
19607
48361
21930
12421
6343
43980
46113
65316
5516
6605
48114
67773
34218
37153
61100
73133
67504
16352
4374
56920
59451
38797
43633
7736
8518
12127
57613
49878
4338
68194
17054
52414
70509
65467
70872
69859
33339
23110
30782
12921
19058
27562
49755
54819
53002
47507
60718
1094
47414
44340
65254
27254
19434
69979
48487
71522
23408
15184
11005
12200
55012
12981
41041
72009
67573
42055
39562
63542
16773
2658
67274
72177
62013
22847
17894
15881
66819
66568
45572
6646
50409
17083
14962
23086
67891
52377
25981
14818
56018
22514
67883
48571
52298
33260
28436
34514
4878
4789
72591
7783
26698
57486
38223
7777
53726
34522
42038
46661
6132
56936
7799
3692
66943
57689
35041
41781
47406
57833
49156
54245
48511
41525
46225
61840
21269
27714
52843
10996
67469
53468
26284
33357
7424
6456
48514
1555
48669
3569
26865
30879
25457
2842
10399
66035
60017
57276
53462
49503
37009
30176
