42539
69632
4942
42188
50501
6914
57428
33695
67413
7517
60034
23320
47752
3978
43156
571
1027
45876
36202
39803
5323
58860
22996
65523
20561
48396
21378
69102
60430
22453
31848
62059
14807
25555
65544
23337
49270
65430
12258
62922
18899
46367
18816
37293
59755
21367
35032
64071
9317
22161
5388
54225
59586
63982
44498
67783
1719
65779
7139
64593
27745
38975
35978
25521
30232
4923
14393
4053
56825
51776
57780
42806
51038
3727
45720
33214
40213
31354
24554
1878
39266
69516
1430
37843
14583
51267
25472
50648
11588
66041
10515
13596
52717
26631
55387
26420
58910
53800
34340
48742
58173
49414
51284
45708
2968
54323
3681
20869
5504
17728
69495
30628
59880
65649
42630
22014
66961
15402
37176
57575
60892
41628
14427
39368
21414
37384
38228
62006
70112
27418
23053
856
39159
56790
49186
8062
65390
42259
14448
6550
19330
39680
4537
47429
11952
34991
6352
17781
2000
71508
28174
39781
59166
3762
22751
64286
2542
12021
53146
16237
18330
56939
59383
23156
14596
64436
396
8466
63860
51114
70009
62620
14528
34557
21639
55468
50472
7031
15540
38047
49102
42463
9372
3576
48268
24996
24362
16647
55731
17513
37069
44443
21388
53577
12207
47523
32325
12025
12528
33705
8123
10862
16974
2862
20033
29561
58589
23621
56836
70220
67729
5359
35308
21344
36347
45569
24419
61308
63769
51895
60489
12958
64295
57981
30049
11198
66402
4803
11562
3120
63935
27631
12388
51651
3262
67656
55577
30534
20159
32847
48691
18396
45636
68319
25731
3447
59680
35746
49124
68154
44046
62380
24611
30691
52567
68220
26666
629
38731
38753
5649
15380
19361
60374
9682
21408
50987
42942
53644
52934
23391
71621
66047
51169
48108
27683
72797
39322
4371
72147
37207
45211
42945
46973
63900
70248
44491
29208
68581
59205
5127
72595
7338
41204
23140
480
16716
48972
26895
72839
29406
72831
50748
44353
71311
10900
59461
993
49497
30002
68099
60863
38733
43545
24332
15479
38719
68504
12350
34128
16796
23137
62242
55586
62544
7487
66534
2240
25903
16050
9299
57017
38892
3358
63396
14809
36625
19679
57232
23288
35292
47996
47063
54354
25608
6457
11711
12522
21642
27392
12661
59478
8064
17265
53971
5374
72903
2035
36715
35655
41598
56637
64537
12424
28540
32979
15253
11916
37578
3713
50158
30793
59769
60583
48075
71985
22676
12367
22487
43662
44999
6627
71140
21161
21693
58382
14258
59926
48272
30583
8459
55359
54489
58966
60929
31045
31805
48415
15577
16035
70692
16440
47239
68172
23745
36820
53511
779
69811
57118
47843
72918
16630
29176
66182
2561
18045
58271
9451
59944
10096
25820
9183
9766
6943
21282
27774
41643
36348
10005
17823
6265
65977
61068
70419
11878
7922
49416
11657
56816
16797
11123
19804
54411
38650
20497
39691
15429
4509
69251
5487
55189
38888
48206
2423
21127
8251
338
3069
591
67008
58309
68119
17585
18779
31809
62933
46532
43148
13849
69499
49477
44391
37048
39740
13275
1053
46209
42108
26188
7621
13722
48801
32694
11011
26113
52512
21920
3478
21697
28881
37797
10928
12376
31232
51510
23123
10376
355
37002
31238
30590
51825
48999
63300
45885
25526
14923
42783
22823
2588
65710
41483
69295
53757
60820
55289
69003
43706
44566
36194
44535
67456
22871
39253
37454
16083
45630
58116
46838
43389
4622
47144
15530
2092
16829
1180
52598
67364
6172
70210
49513
30321
23324
40035
54953
17832
24446
15836
42178
71706
13436
72041
41361
9600
61190
18809
71006
51517
64130
4718
67568
39718
17591
50507
18404
15321
54620
25624
46230
32628
63330
25911
7725
71137
33281
23229
47310
62548
51763
55483
1102
8645
4917
72777
38024
57499
16094
37312
40686
38612
27468
57329
65721
68000
20444
53588
44250
27100
73208
8238
71805
22244
46096
69723
54408
18914
31177
4148
24718
58138
3266
13051
44818
65501
10805
70046
57249
56380
2851
6300
30026
45787
34896
45848
33706
50307
61522
3507
7745
68047
12609
44626
1448
58531
12186
1026
27308
30537
5716
34617
7403
71867
13041
4505
11291
7944
21501
71220
44448
41597
52930
46931
39898
58918
22664
13522
3307
57792
69270
55334
29271
57510
10709
37261
1648
10404
6844
12298
62025
59401
51358
59459
71069
26125
46695
40011
19975
38806
3302
2242
21897
39622
39250
72340
71176
44160
22000
28156
12524
21829
33918
59332
25113
12311
128
50629
17844
54477
19803
4823
49017
48977
29826
28738
18497
62460
46866
72666
47783
30083
29666
70790
29819
25142
54533
11866
31390
27867
60741
65151
21417
52082
23978
46555
43571
14806
26669
57231
45010
19678
14222
57125
64887
809
47327
68420
7687
51021
16544
71004
39251
42996
27216
42543
29751
50515
68918
34024
62060
29454
56833
41577
2850
17016
45856
48889
48684
60333
28963
48171
69813
32629
11949
65846
4298
8359
53195
53865
61336
15482
68865
67098
15543
72873
1645
31619
18395
30550
6769
63341
12682
57244
70884
52680
23827
67495
25441
36923
37157
4802
46399
31666
19299
53245
27608
22074
15350
24136
65466
33829
24414
674
62159
32120
4776
39285
11071
46778
5439
59215
21334
35224
69451
71297
63805
30436
53600
8425
61353
25050
7101
18961
10189
31525
10072
22092
26567
33605
14760
30486
70432
21977
46523
65066
10312
17027
67484
54084
26476
47404
46799
36019
14785
25434
62176
17317
17462
14518
13592
8567
27128
7839
20084
46279
11931
2377
33293
52090
59167
25787
69623
9677
72524
5401
68635
20476
16187
37664
55744
56799
20414
46343
58187
36028
58072
9645
72301
21786
37612
61495
71025
7718
48129
49126
66304
1216
43349
67817
72258
27137
61637
43790
71592
7929
64029
36724
27704
34529
68133
73016
72417
63055
19413
38304
50774
59711
53816
16090
25344
37623
43110
4587
56747
34650
24683
36138
49389
22915
42278
38083
63088
53890
39584
34565
11855
12194
53897
47302
32220
62073
60537
35775
19100
3878
68299
12031
32634
34605
2142
7699
49393
11935
20580
37281
53939
21345
4535
59654
7144
36045
51642
68577
12490
28407
40042
37068
4462
61969
7778
15172
50509
63635
42491
66891
45021
20509
58529
13553
30712
5920
28243
61816
37321
38073
66135
64419
23319
43682
22593
32091
32638
55943
50456
56472
24928
70072
34591
53894
23945
40026
38166
6458
47960
8990
23665
32567
21560
56115
67448
51070
52128
38635
52256
33872
29933
4949
61799
16454
14203
69484
26215
31751
7675
8649
382
13997
41152
39699
35755
57797
49886
64176
60830
29464
8448
29752
46904
3245
66759
38332
4301
57682
7936
58097
42408
16932
56009
24239
44838
6641
59904
60041
67275
16629
29023
50797
41852
65753
1706
61941
53341
6698
67412
57466
72414
24185
60844
40511
63486
19900
36127
56792
13753
42327
13047
60486
72129
65031
3152
17769
32225
14534
59596
55066
59827
60735
25318
44546
6545
41341
4571
18962
12301
11777
23912
48096
27997
8008
24059
65434
3190
3558
40712
27587
33088
23806
15613
58694
14665
30768
43458
28071
47225
15893
6851
14628
24568
34378
15295
58284
69404
63797
66079
40964
14371
11903
321
44696
49658
37439
53404
3312
12881
53387
32007
14097
48895
15668
17594
9987
4867
5120
67022
32454
19760
63955
35043
3539
61056
26411
65302
68050
58483
58037
48662
35685
65783
41847
65084
24134
55659
26936
70290
18807
43543
10243
72121
10481
45679
17020
47483
69650
33845
33208
15898
46768
54667
43940
64829
49191
68736
56889
39558
14893
43967
43235
10770
59142
27388
30766
68833
39649
26394
52946
48929
63597
26548
42873
30545
29651
52774
4445
2065
67514
50117
10334
15764
8706
24708
6727
25489
28192
21479
56061
45924
39365
18960
18011
46140
57920
12508
23726
57624
15177
65358
21785
52759
4362
39455
62200
56352
26780
55223
16307
70201
706
12607
55190
52217
13491
34107
7307
43991
61271
48605
33358
49203
26512
54322
35508
39073
64210
63262
40039
65628
49881
72551
73225
46173
54928
31061
56309
53783
51859
49467
1056
6738
6012
19321
72079
6156
14119
65135
40184
60908
51949
10012
48708
43786
33869
3038
31626
21744
10916
28607
31869
45756
38521
26628
9706
9457
57184
46220
65699
50862
45904
61810
44000
33379
36324
24752
59299
64657
12944
39651
16564
44379
62891
29127
35656
69956
38306
61737
62128
37991
6473
8233
60375
68971
58221
5217
63153
32233
41856
2450
66675
65824
38092
56261
49909
67385
66155
32412
69062
12347
68988
41825
11139
3131
26275
68873
62048
17980
50768
58794
70558
72081
62300
47223
8751
49356
47816
46590
35107
63470
68711
39792
37978
9266
2529
53487
23234
39448
30996
53916
2417
41066
71106
40652
150
54452
6688
52334
27851
42643
37398
6043
6942
17387
57023
50628
17290
38684
22277
16119
37935
48642
47454
32681
25851
11728
36909
8040
65787
40787
9642
10731
5693
71482
36187
5932
19033
62665
71663
26619
15095
23379
70972
47742
54870
50452
17039
5576
63248
25414
48581
59950
58394
20492
28043
29395
27240
48146
70603
23582
14430
28121
59253
56282
22543
35167
21405
19947
8076
3223
12042
40196
72800
52360
58708
11859
25126
63032
66499
14294
32282
71790
66752
59453
67033
6409
38603
32851
49545
3282
14287
60559
40886
60133
42229
20383
17061
40060
31999
35568
8535
47369
72463
17023
14525
41738
30882
66479
38118
29169
23611
51227
16165
17314
63493
39842
44130
59828
5237
36796
13812
32182
10920
68612
11570
71598
9883
72237
17744
11102
62306
18791
63405
49854
51809
68756
17756
2468
37993
3440
26459
10165
54586
70963
51972
68457
59968
3078
27994
11490
6323
57877
48663
46137
19732
23769
36436
18346
46953
13630
65641
45345
14758
33805
35706
66168
61470
72428
70480
7342
20043
72124
49623
8889
56969
49669
50673
56819
14541
63737
41342
68575
5431
66462
5213
21711
40081
40483
40769
14902
7164
41325
28491
30630
69186
11497
42384
59104
29444
72710
27210
25549
251
9432
59160
62825
65857
59133
38451
14611
38500
24037
22753
39030
1813
61666
57793
18802
44572
68564
46996
37662
2535
35106
53163
29235
16447
2026
45854
17945
4974
46791
35163
51490
36601
38466
30160
49647
37143
27575
16612
19154
19090
61281
27089
21342
5340
55395
36907
2111
16241
52825
55479
19014
59900
55710
45783
28896
47681
56179
67653
70642
10108
3943
24052
41565
64081
45236
27224
7754
71077
23380
47163
63714
59305
46017
40639
1771
65963
496
43921
26693
49720
10516
8272
36672
71329
20271
72223
25675
38669
68528
58153
20797
51115
17628
53522
1126
67471
60080
49147
48058
9797
12228
5154
17280
72882
16928
30917
7013
24785
54536
40922
39751
28459
25512
13000
63316
9602
35767
53194
55898
17886
57162
67835
59093
15867
7914
4480
14791
7165
22552
33866
20643
65882
27712
46304
11525
64439
9793
36533
45855
16222
60567
45243
54729
37146
58620
7651
46183
55039
11897
20818
56982
49073
62655
47615
68974
6512
20420
4167
20996
6425
53578
4304
21309
16287
73004
13406
72271
63471
43208
33987
48318
47957
46551
25765
23444
41644
22690
12570
48795
7694
20992
55829
15066
47073
49782
39007
57958
56448
19186
21603
14660
49004
42647
53736
72950
50794
17147
23221
13531
11220
12772
34037
28221
57293
59714
56595
64623
17589
31443
61242
47575
43251
60854
2212
53433
1622
50643
59569
72751
60837
47863
12700
57300
60753
26741
61985
2426
41542
9248
36160
2033
43096
57341
23313
53513
46753
33810
16817
3372
3382
3963
52736
59616
48590
34712
54630
32105
72780
11668
35844
30892
14544
40336
28904
34833
31188
29577
4704
47195
62838
11541
4483
66353
47004
59193
67728
15856
27667
25191
51567
19683
13090
4431
9401
28390
65475
33529
30928
46933
70334
20246
66475
52603
6780
40815
21129
20594
72963
13588
24689
58828
23205
21911
8168
24473
23500
30359
18918
12499
24112
60769
29254
19425
25601
16275
35233
2389
9686
44510
7558
41797
36112
52925
36410
11578
37574
56882
23438
15923
70418
26116
46741
59041
36812
57172
17820
4795
54599
22003
12130
49724
29074
20599
8170
36743
10750
73190
17723
68180
52723
9398
22262
50827
62538
31163
66077
36047
57002
24040
5303
26070
25255
3362
34988
58546
5521
7282
7519
47693
30749
10021
16063
58527
42913
7173
41715
28445
52953
12405
35374
16975
68159
54329
45338
44444
68097
40225
10166
46244
48998
65803
55523
40968
41365
66983
64762
67173
11234
54918
14101
71057
32266
65848
8288
54605
9825
16766
46879
2369
69113
33397
789
40833
41314
61747
684
65903
59937
37489
7661
46432
42152
19049
49934
49468
44032
64900
27854
60436
26720
10133
23464
14501
56162
56217
33037
37921
12997
22829
9388
68499
29853
55118
14773
72689
47328
25687
19477
48994
24615
42657
58756
60246
54905
34665
2570
28952
8295
975
9796
21024
50820
52100
68252
29386
41396
51964
16821
1671
72597
10571
48854
42518
32216
13495
39666
20828
71654
62003
33268
15389
42727
12672
63515
32493
49446
48046
1827
6989
30374
49137
45152
58688
21427
32344
5844
35862
53176
69683
3952
29177
40976
42153
1669
27996
48945
14194
9498
38905
49058
27427
60407
71008
7383
55895
26474
40250
24433
30491
68347
62354
31724
33834
18422
70860
30296
4641
753
9479
33337
58961
40395
48336
17562
31896
2891
21553
47780
25110
36934
40047
45995
18521
30152
49636
19273
12458
1016
32572
59901
20058
42157
60145
11458
72779
7641
35178
12292
35250
53402
18090
44169
65110
20322
28592
31459
60867
40745
44821
874
1240
49581
62645
997
35208
68672
58190
55535
17370
60897
72170
34760
18367
69928
13780
27384
17168
5301
10841
58212
34140
47595
50543
31887
35072
69372
18302
41082
31858
9501
63672
23436
25576
22395
19982
72645
71065
51213
65062
43435
41219
5327
15892
65071
16273
41630
50119
29683
52956
62213
63506
8747
37214
45248
19692
6083
73034
67076
65680
40372
30244
13776
21846
23589
56185
71859
64620
52140
7969
13530
66248
28202
31189
67981
6070
46237
31957
43099
47500
3106
50152
40544
55747
43799
26367
4190
66587
16574
55269
19669
4409
52699
32769
71114
53765
70949
37142
72094
26574
35277
32045
17217
19132
24561
29687
42467
33414
69907
5975
39228
73019
33986
21663
36067
22271
53066
13798
64220
56193
47204
27123
47194
4547
13679
54994
1561
50387
48040
19868
62627
7759
15840
15162
72883
66737
59981
13154
3017
17407
25417
52359
68613
14340
60200
41845
12263
33419
15857
26696
39011
10447
39373
43317
40730
145
18576
68895
37867
71133
67091
22525
7440
30713
33599
12584
65265
4310
64661
29389
66045
44172
9710
12869
34162
58344
18992
44599
51871
8117
38386
45784
3646
45800
13599
39766
1865
30729
33045
38246
27306
54242
44364
15872
13662
3365
9747
68562
2041
19160
22034
88
34638
31306
68987
43024
52206
54570
2527
51920
72820
19621
14195
72465
57434
64279
64253
6444
29175
10209
43287
12377
66611
44247
54848
10093
842
53207
64767
53978
68361
28899
30511
34111
32752
13860
12107
15859
30032
21505
48390
33172
46635
42720
15112
730
32494
60376
40389
35317
46204
13380
35808
56035
14184
51390
1695
3567
353
57750
20579
60566
29570
66683
39186
40497
32058
68470
29131
68069
8601
35929
14388
1647
30598
42060
31798
57864
56324
29182
21668
904
33029
70447
62702
39423
17048
56267
58111
31276
20655
50030
4460
1293
64196
39568
64259
40665
61292
24671
21883
37773
72988
68923
48846
71336
18368
689
37690
48448
31736
24118
63976
38700
37525
4238
40794
11693
50306
22390
66580
58710
46770
21821
26542
31032
17033
61701
31486
55001
34211
69100
34782
52301
44893
5534
21945
60349
212
13858
61174
62172
50508
16306
46233
30786
43160
9952
21774
46662
6303
40130
67739
11223
68993
54785
70138
15508
71466
67907
59343
68535
39538
72985
51840
38723
64998
57313
66933
41160
2063
53885
18908
26779
28947
44280
38263
592
45894
64584
50830
38701
63293
35790
16900
7096
47639
52204
9336
65804
31755
67115
42092
24276
70774
22184
10810
60902
24091
23240
71024
18439
25602
30547
52613
14792
54453
58540
69490
44119
60631
41769
62531
55464
31078
69774
51660
3249
34143
61295
47770
40091
57837
25061
60801
25736
47993
46306
47708
46311
44804
5744
19128
55191
70557
28124
60950
9720
37877
35580
67583
11650
5630
59871
22193
31833
66878
43523
69823
39688
16401
43229
31219
34098
15213
61374
58280
59429
701
53665
31425
20189
43933
37226
39239
8734
57000
57132
3401
32125
45809
31501
9194
60238
44805
35675
47916
70494
37121
70482
8922
56977
49561
4232
9393
5488
45648
5565
22670
68800
7077
62592
63676
8198
21826
44338
5010
22575
22186
53030
31857
13353
53034
67410
9471
30953
63691
49713
7810
50695
8196
4874
50104
53320
57791
73229
35467
12936
14486
25592
51071
26916
11858
38282
351
61913
61609
61902
15310
10815
2396
45536
65491
11988
68698
17423
43570
49342
44490
42173
67438
63909
72198
27366
67057
1625
43357
56766
48616
65739
63167
47396
60776
36134
71217
41
31249
43727
58152
59063
35570
38662
26491
14485
36631
9655
70676
20746
16348
9031
47458
70657
17295
24850
10035
9406
26524
49023
63584
2059
35843
4107
42021
37537
46093
8841
57529
15113
8450
16137
10596
30978
1877
47137
57402
47543
54985
59291
31315
21735
70734
44753
32339
26642
40772
60108
66006
42446
39064
27945
53046
56259
33040
42733
59945
59964
47096
9096
37244
2553
70978
16500
8721
39299
48344
21040
59835
27331
38494
70373
57295
54984
27627
44193
21273
19274
34376
53694
47346
56942
27861
22463
64975
61946
71540
41201
61750
55236
10705
41937
37228
10186
5558
47047
16097
6383
27474
70755
50320
11323
67386
21200
65332
69232
48065
25102
56129
44429
6935
27792
46671
423
37794
3700
69767
34297
67550
49904
3353
39917
56124
47947
66467
25311
63556
17649
34634
13795
39726
43225
1409
55253
23049
2370
9570
42779
62979
54284
49145
17938
42714
38100
61643
66827
11906
11194
32164
41958
18636
12068
14715
57281
59665
51696
56273
57528
35761
21906
632
12915
3317
40273
32803
56870
28423
28376
45382
19963
22776
39664
25514
2119
21067
8331
31864
36656
61333
11892
21741
18934
880
64736
15618
28184
26093
12514
52329
51164
53396
25906
29888
13779
71423
38346
73174
30274
35460
60032
33186
34298
71032
45490
65314
54623
11044
9901
18694
72272
30288
40342
31036
43996
19457
32904
13494
49402
70612
40399
42854
26726
29714
46492
51107
31369
49781
50732
72127
19816
29524
32210
49006
37477
48149
26789
25230
68996
52813
26788
13349
19608
9896
43106
37705
6843
29374
33353
62227
31258
49978
61014
36800
22627
18258
47359
68491
37716
63639
29493
20803
45585
2025
20714
42719
27670
40697
9920
8339
40733
66220
34307
42168
47124
45781
16168
33835
67283
73192
62110
46097
31818
25057
37015
1798
31338
22625
47664
1075
71792
5579
6115
22567
61016
44056
32529
14986
51842
48062
57955
12632
27879
41940
16416
37680
31796
51501
67125
40564
6208
19550
660
20328
32328
12493
7213
24786
61273
37209
18078
66240
37994
39331
24929
67644
36172
21728
44142
44440
55936
35889
64533
19010
21066
4094
50945
11845
54534
46430
56145
10141
40071
1590
15345
23600
58077
69206
60905
53262
14614
47526
45913
33983
5393
50793
4656
27289
26732
48482
69344
17608
29555
32224
14564
6487
50205
72278
32055
48621
45138
34838
52836
68551
22072
16670
31915
41746
40282
27873
47635
26054
27858
36584
60098
71138
5056
58219
50363
51544
7715
224
12946
27459
18046
26109
36443
51967
23068
56725
52038
48623
60242
16512
69369
56992
34087
60723
21160
28699
49491
60178
25777
31523
29126
46636
63491
7792
21272
59738
33721
26935
49536
5058
58611
70602
29862
24121
8329
42413
42014
67499
17663
55275
60942
59171
45305
25840
71929
6316
46431
56351
23282
68210
6959
64495
34149
8927
13517
64768
64292
21966
921
19930
65902
60699
62943
19353
66992
38227
31240
5785
61173
19531
21267
65748
56469
44463
50057
66224
62666
69317
33524
63999
20517
13568
21998
69193
53778
3797
4640
67123
59995
63251
19021
11467
14877
33381
71646
30140
45129
49702
30519
47453
19772
66937
32039
50368
51613
19729
60721
10930
47143
64516
59914
18160
14009
68507
64318
7057
37837
40032
59734
42338
39542
597
30961
17447
11146
28740
64987
23982
16691
26945
66196
47091
15739
66812
15659
20368
3284
60504
44506
3231
5132
37088
41034
39565
43735
47472
56885
29147
59076
39561
38014
41364
22846
49007
4660
14523
15807
68224
52866
27478
32500
51309
52822
55595
65844
69472
52309
71319
61220
49366
46828
4048
49632
25946
52047
53246
39395
104
18088
68389
24710
54678
30460
70950
5638
10963
755
32281
48458
61434
4292
13142
43392
12965
52972
10294
25493
11369
9588
34567
51371
35918
3237
47600
21849
5505
10626
37337
28872
67590
40107
43698
29477
41486
14459
70061
44718
22313
13510
20083
35937
45419
52428
37594
57173
14179
47963
54915
71908
19029
41369
72286
47027
51690
6871
51304
20524
14389
15025
23157
24416
61060
33659
4778
67436
59593
55738
28325
60212
1431
13983
63537
15789
69951
65667
13285
738
43321
9414
5791
72306
62018
49219
52186
13770
15167
22046
23821
31266
6470
25852
35795
69444
11219
39872
56031
17255
57478
62185
65609
60130
15238
358
32183
48223
7740
3653
10238
7881
16815
17223
66153
72601
20661
33051
14874
26571
8584
44060
29162
9902
58864
61847
20358
6167
5840
40500
54607
29518
72426
69978
38026
6961
47398
32297
53948
48658
54217
58986
36256
17689
38856
14277
53116
71981
63123
5497
28362
61582
40275
67490
39012
47322
49114
67731
49498
20076
60647
45910
21622
24135
49935
39204
9829
53634
64421
9443
47023
61298
31016
3263
43982
9327
60217
8291
57532
70941
56125
2645
45254
24993
16126
62143
30505
41430
50503
66436
19641
21452
4263
17981
40852
46727
16597
59056
15485
45311
17561
32774
63643
72368
16148
34268
55637
42980
154
69468
12606
31003
37499
21011
15298
34025
50425
46678
17601
26427
23410
67431
12278
56720
50187
53980
6113
45102
38082
25948
11771
30051
45574
28266
53252
29368
16600
14989
13415
29993
32068
57763
15322
25139
55283
27024
39862
73248
62448
44023
48090
66635
71943
37687
48505
9055
27958
1251
30305
34843
44624
32982
31387
1011
20600
5413
10196
60638
54876
39861
67214
61290
46935
18566
23664
25937
27246
6080
12883
44201
19682
21110
21825
19125
22378
58752
9595
41256
52564
68626
59546
49272
12930
1903
28739
69873
72361
45324
54704
52035
46028
11417
66086
29466
20363
45174
9121
68814
59141
62350
49843
14024
68280
3562
61832
46073
1551
286
72954
8073
45779
38502
52120
30076
38756
70274
30327
26672
69743
23916
40878
47891
18324
4418
36108
68810
25604
1858
23598
73131
21676
17399
10387
26297
32763
12974
28861
39362
38861
21263
66612
34733
40847
22468
71199
3381
52810
71375
54521
6381
33174
63022
27019
43011
45770
21222
40258
25467
48971
36955
70593
36492
35785
42701
15023
28343
4612
11854
28144
27840
42557
39401
14608
27551
10349
47557
42457
42495
17344
10996
55665
41061
19684
11549
9228
65679
45958
26825
6879
58425
163
64101
46763
31799
58385
58333
52235
17473
34968
44309
1348
12977
58047
33077
413
54448
23949
69697
4952
57414
13100
17311
60622
3301
68151
37047
62226
61026
34410
69238
3753
11313
62941
48558
62375
4210
40829
69462
53583
15406
5310
26071
72074
67898
67218
64409
22457
54104
13818
4646
69872
45186
37902
53113
31494
39303
70090
55179
38794
43552
51288
4230
66691
68465
43835
1503
11708
42959
58305
26750
6535
9696
68372
8630
54783
64751
65948
16325
34157
14949
29082
60330
25551
31740
13915
49313
55386
61537
34898
29945
10333
21296
71461
52711
64842
24459
35758
42162
4781
12852
59761
15416
20250
46198
41713
28229
32208
3516
73168
408
44890
69943
6732
33421
53189
17133
7793
62912
65189
91
72327
3524
14973
15970
54794
30731
44340
53381
11559
14530
15187
53053
8694
7935
19269
55973
70045
8391
51140
9088
1699
44926
6081
68959
24543
22030
21618
51802
33407
31236
54245
18638
45503
33339
32813
30845
1030
5774
13741
64153
42602
18061
25345
49538
18371
27572
43879
58754
37650
42622
19047
49877
31771
57930
31597
14282
56106
37870
64412
59329
7041
66218
66916
4927
44555
35841
61486
29181
1854
40303
1780
28155
70258
38372
24187
60124
52868
46807
52536
26177
18818
39834
72914
46390
30119
48368
17874
14526
3250
53732
59896
18236
8462
61838
22237
27506
2328
67953
8396
40077
30880
53173
41851
744
32354
10425
19815
48308
16808
48114
11224
18606
12192
38550
68350
3736
10595
37394
65456
6924
20694
18114
65670
5091
44392
59780
21313
19873
23014
50140
18554
52372
61749
6605
9230
61959
65316
48392
69107
13469
68530
12798
47779
53817
24980
17870
40698
24726
30019
4272
55421
68785
7333
62281
54324
44017
21426
14818
60054
25323
51323
15774
60479
72676
24555
30777
38173
6706
42666
32950
21886
44938
299
9482
35427
33683
63045
20687
1904
54893
54037
32361
27535
51453
58455
68115
37564
27168
44887
12054
19489
52414
18845
20678
58841
36351
47334
32227
29845
49398
45202
44988
40618
69181
51423
19312
55606
14512
24174
14256
68937
58913
16206
3045
38258
47807
18288
22102
56093
53977
50185
57112
11296
37366
28497
2977
68434
39219
3910
44671
39733
58977
12236
17927
