46231
50920
4666
30773
61772
58875
48671
35999
57795
42678
70895
26161
61012
16384
33671
16430
11286
29893
64482
73006
17305
36963
11718
8741
39291
57285
67738
12001
42325
52578
37630
24373
67007
57830
53646
63115
30897
7260
66534
1875
11161
47921
218
59726
39680
29320
38780
7355
22712
68850
26631
28715
16716
65822
54252
10934
9575
37996
61438
59276
12890
35655
66854
34628
14767
66402
39616
65512
24181
73157
66362
71448
34293
53922
10984
72392
46211
37725
69779
29007
34571
21972
22528
22289
3787
30872
57780
8062
10740
15393
17716
4437
9529
65522
46964
63558
32725
63236
28195
25704
71596
50734
70300
32644
54675
59641
42601
9867
38698
13684
58910
71407
39956
22638
29097
2114
32037
13856
26452
44473
20456
39555
51485
7248
17141
26282
5190
69516
64692
73017
8777
3191
14718
22470
69794
14233
46957
10982
44273
13710
4170
2781
23163
22090
14636
58158
25168
7166
2931
65991
51330
12097
30870
8191
26502
8485
35623
41959
52726
21624
60946
56836
4506
72422
12025
23680
30881
42704
57124
69112
20274
24208
6829
18872
19361
40897
64096
29915
13883
72475
53621
21001
1803
57232
49224
69035
61464
37112
42591
46622
29965
18218
67859
1628
55689
9450
40030
5255
66004
33588
15852
28838
58482
42172
34318
42820
71621
15599
36968
46572
49964
9635
274
72147
22910
39822
19129
28764
26832
54274
45294
68920
3695
48310
68846
50545
5390
19899
53950
7468
30780
18800
54086
63900
59006
67989
73239
52
4487
59788
38832
37149
56806
5757
50092
22445
66529
9996
15410
1960
48268
50397
498
25562
1883
396
63982
11588
22644
14166
23642
35882
33351
21758
11952
57703
47611
9682
2787
32541
55089
13700
30564
15722
63096
41601
13639
18384
33096
2343
4845
4717
24545
30832
67656
37413
44013
4826
59783
55755
52690
44509
65133
21369
24747
44880
1129
16253
17836
32201
39706
40351
44046
11173
40420
4117
4746
31923
19663
17692
34472
43153
47347
15372
34832
13634
58084
28792
5552
36718
21471
63387
8378
35942
48417
39083
35476
50051
12859
11839
67885
58365
57508
40304
41187
14686
58155
60219
51564
4365
35748
39918
18501
19970
68319
10449
7633
10090
23540
26510
46200
1057
11632
47252
67451
62919
34497
54312
59166
71020
25967
51114
10023
44170
26420
30947
71079
52221
22779
42693
3294
63769
54822
24019
60126
47784
24678
25772
12388
23538
55731
45210
43277
66230
17866
12396
59100
17513
68232
48742
51118
63109
59877
38441
60310
60311
24032
65808
1291
40650
61068
64616
27404
70701
27729
2945
45646
12586
22071
52171
67841
13290
72894
32795
50609
25375
62123
61171
69776
40789
5569
69207
7221
44909
3280
19404
11073
3396
25813
1178
65695
73079
38983
28557
13768
69262
12624
56738
39967
32245
43943
33093
46072
43651
2776
49810
7758
58624
68713
69638
45047
65601
51952
6380
64608
37095
65286
17672
24992
46569
51810
36295
71302
41826
73207
68441
33660
52561
50897
20201
69029
1614
56808
20
64048
15703
25976
44083
49515
21903
28741
5522
42868
22581
71251
26014
66850
35414
33255
70023
33222
5229
14035
55483
10820
20646
24763
63113
71694
28937
4613
2962
41743
36296
12026
42753
52099
62025
6933
58186
60443
12884
70043
30512
35696
2926
52879
40396
33519
39829
3962
8709
40834
67310
1582
2641
51786
53364
11321
54460
27930
8952
60568
47705
56156
29900
16758
33184
67767
67157
67251
42587
9405
5042
52748
60621
40455
53079
54676
29215
56299
10578
58974
61764
53798
25482
68197
10813
33592
69157
25343
64503
58838
10350
45119
67933
16277
3143
67614
33925
38659
32256
65503
16378
39587
30876
68292
54653
6261
3764
3330
42175
21979
2156
45224
57572
49455
49685
18531
19851
8009
67149
70783
54277
67394
60412
45543
36532
44104
26274
9651
12332
37058
49208
36736
7142
8913
36128
5267
8530
36099
66954
13312
63489
2487
68463
38851
37510
59391
36234
2430
43148
27999
62486
21769
6590
30503
5857
10338
31167
59806
2364
29804
30037
15373
732
71726
19965
70768
31729
5874
51671
12181
17847
263
17551
56981
58191
63336
10463
64688
569
25312
32054
59644
1982
52350
20143
12091
16121
39440
9564
41351
29748
61300
22185
11046
2248
17849
31410
29008
41020
25243
48085
55016
28232
15861
51378
6844
8787
46369
50436
26498
13332
32628
12423
10656
69593
19198
27165
44221
20964
20468
65293
15842
25105
32318
36497
57296
3922
11291
52026
1617
34080
6488
60747
6073
11274
36537
25724
47817
36219
64060
12118
51216
36762
25588
55109
30709
7217
21394
38674
54744
32069
55113
46002
4823
32610
35443
637
36242
62977
27638
38385
17472
32259
25314
7780
15985
68893
9198
23885
9539
48521
52410
59544
13123
68844
60791
38793
34547
15984
66449
36696
37556
15045
21366
39371
29439
45520
12141
30774
40083
54609
55129
7412
41912
65356
17435
25387
168
71718
60469
39025
53477
40029
611
18806
25629
9762
66519
54399
25875
47323
52686
13314
36938
61158
65002
40862
7925
58600
43259
65805
20110
47198
65957
35192
24211
54658
2659
13933
30745
4863
22
29155
45276
59711
65745
45054
50402
11789
28785
40168
32309
22302
67437
9769
4279
8114
29840
34648
60548
38519
13589
60159
28295
18493
7872
47276
32947
32221
59025
15258
64846
59379
70983
23912
60291
12144
46739
71850
61644
45810
31739
33229
50153
42181
64257
71177
15627
17729
14216
13893
43236
45556
66899
53118
15793
63339
34005
40180
71521
53709
47302
24701
54156
55608
56984
36096
56007
7014
50345
34138
16166
56257
6159
70267
24423
3116
40313
53573
44283
1260
59793
7699
9281
44863
823
41030
4914
13331
70212
424
30768
72554
33239
25783
15884
64740
32801
21786
12164
49323
52236
37455
43479
19151
37526
48000
49438
16830
50636
16738
59485
35851
14752
23748
21258
50367
39608
43959
48617
55956
44068
25010
22308
49858
23208
66380
5883
43881
4044
26568
71649
9697
21248
41234
6701
72301
19748
26471
69058
33829
69279
9974
58147
32423
40065
46799
51962
6332
71486
58516
62011
48951
65627
51532
55779
29013
54073
24397
38304
30209
5013
5168
6199
18415
39655
432
32960
890
15863
7411
48689
25197
68817
45094
63151
25067
51421
21944
38485
68777
11834
68571
9792
36164
36648
60787
51642
36901
29057
3517
59279
5244
21636
41820
9149
23805
59518
39220
21360
22938
28571
34235
35380
58617
43524
29012
54799
39041
27262
5253
34653
62572
8300
1155
56246
49716
5628
46870
56085
52159
49931
13587
9291
27399
11377
17422
47166
24223
49970
69297
8822
48579
63285
44802
4734
20432
28401
55761
24981
14662
31765
39964
36247
49399
12395
63085
32511
68976
61354
22907
33714
50067
58331
68355
52399
60806
71831
29680
31002
26314
2073
13666
69554
11396
19629
47245
28218
24708
32444
60777
58440
48745
14006
73126
31001
13592
63872
40705
26073
61968
32140
25149
27275
7542
58792
34814
37133
26511
42357
71145
54560
32662
65806
19493
15574
1925
62703
57381
37204
41641
66269
71868
3105
14808
44987
17545
20048
57960
8731
15366
23422
56425
64353
26735
15044
26527
43520
40114
68788
15075
71189
56593
12527
69728
3153
59742
67514
40666
55642
51626
34962
1540
62950
18436
56169
54618
61926
35582
8990
29497
15584
68330
45638
21765
35922
33187
43477
6928
23713
4605
35755
28370
38942
50011
25722
29602
39052
18353
34601
2129
40457
64801
61160
6851
71338
17196
40109
2691
55882
71054
7163
2971
27436
5297
1510
25703
37072
7706
7291
39150
48102
15426
24499
50792
49434
16073
40616
35364
20065
37341
46418
43341
1219
46487
29976
60552
65531
6147
17704
57870
55234
24299
344
70811
19544
72593
20824
11367
46337
33634
25016
35078
3031
23924
23765
11175
60458
14693
64876
21032
5870
35831
47731
53108
3799
5228
70235
12815
50200
41263
21143
64922
33505
71716
49865
22838
57275
47349
38244
69568
55566
2099
43503
40636
66311
5002
37143
5547
64564
55928
17353
57159
48578
70193
7376
2868
38636
4903
35966
40813
29226
72953
47732
54617
35568
29562
16612
46220
34417
49552
22868
21465
46419
1204
7380
21957
48304
50879
41006
41342
45234
70004
57153
61011
24111
115
19821
6323
62463
18124
47869
1229
68020
36448
26632
10136
60000
39474
24734
24063
8935
22095
15657
71264
54364
61484
37658
43618
40219
1908
60677
39678
36508
44572
48003
27034
61103
19947
805
72220
21794
54286
50589
65727
58324
32407
2203
50760
22226
27558
49691
70351
2638
35356
34351
38848
26383
59400
11135
63380
33554
63571
71920
14144
26743
23243
62300
9365
60403
55811
38466
35853
61873
49896
46008
12917
43038
4290
69591
1475
35533
28489
56344
54716
61626
55064
5559
65899
49729
18219
39448
46025
3337
56368
67021
19094
6112
11643
48653
50602
579
9966
27119
15804
66610
6263
44089
3505
44098
55573
18041
38977
57498
20041
20749
57222
42909
72242
8414
22941
18047
18971
68061
6699
6307
54781
25607
48343
11792
11557
24776
37644
28378
36910
46022
35961
36649
73092
64641
21785
63464
21441
5587
25126
72380
4827
44276
10320
27376
64660
33811
64992
22329
46802
19038
67387
8076
11760
73115
48128
258
11415
14713
60532
49410
63823
47058
53278
72395
50753
17153
19173
44406
3121
26039
17995
2657
47368
27426
6406
58701
8754
43594
55102
7508
23753
50146
11105
57752
7690
62315
49761
36289
43355
64207
58394
25739
4366
64210
37379
27098
54870
9146
50101
13556
17766
3648
49193
2939
25128
45217
67398
11520
7437
56940
37097
3856
72863
13512
11442
46792
50234
13869
66663
4701
21696
73002
40498
5302
69
53133
47353
22047
20641
22509
24803
22292
34416
46042
3300
68399
32122
34015
39844
46100
33756
49371
32046
23080
59577
65560
50882
19521
54708
1859
22826
773
55153
24418
20905
2711
3477
45267
72076
469
5515
6733
15982
20777
21481
53504
3672
59253
61702
46705
35230
19498
51031
72081
30803
56717
10488
18560
57700
49153
13586
61087
61688
34841
66628
53852
31935
55866
33975
68090
56261
9937
35816
39073
52360
2991
67121
33597
39135
5922
45028
55296
15160
6915
20316
55541
3741
59648
55646
61271
14846
57212
36681
48103
36812
12499
13094
27037
37900
32777
12339
47122
69487
22499
60855
40339
8608
29296
27406
11002
50485
28445
61231
37754
50581
41475
60294
4286
15301
70426
20361
13714
58019
46620
25672
23475
30183
50902
3343
23113
44107
34382
2678
54758
32745
21375
29899
58416
16354
27497
10308
10152
8413
48982
28415
12822
2418
34342
46112
31581
36883
5918
51531
57009
56643
54691
6025
62170
33987
43667
58289
44226
10627
13087
11837
16289
12708
17900
2311
41978
10420
65647
39497
72501
70924
49985
59135
22822
57522
63471
26557
54933
9178
64212
68641
67141
32575
61813
69348
20736
72402
12313
27196
50420
40199
26260
42664
55711
11107
29957
59456
59703
44372
24061
18357
70735
30106
27471
30910
37579
40939
24112
32695
32302
65101
7413
54828
11899
11312
360
46600
47463
50875
56438
70886
41363
8138
55853
62288
51969
55927
16063
47486
51721
47997
41045
8490
21163
55183
58718
49038
13035
29951
6609
63476
2769
782
8898
71845
28835
65427
57958
38363
25140
8225
54329
36098
29401
46666
55850
20015
53736
38836
65014
61991
17942
44914
44111
66197
72052
6026
62399
68768
40677
71298
13000
1958
66213
51621
68159
12899
70507
48503
53323
16344
34984
56742
54853
32136
20892
1586
46901
30767
13325
71247
35158
45117
4264
29896
64197
6745
51712
46938
32152
26473
18270
40596
70164
36313
2994
38312
49600
7749
21342
66811
40653
39213
44052
51745
31223
21034
14003
18030
43316
28998
12380
23919
68476
48531
66652
11079
36410
5308
5298
38150
31157
45189
32674
44418
7095
21059
38449
18023
65214
8472
23508
10852
28606
64991
7193
10652
53165
69435
4452
65907
53667
10504
46809
44604
15533
587
2554
69258
32101
44565
56092
60436
47877
57341
55315
8142
37777
44673
27541
70313
62385
27231
70116
7405
55000
386
19007
17774
39823
67173
24533
21798
17628
715
39685
28274
40761
27070
7030
6017
24044
45919
33710
17758
59368
29252
30260
69148
60674
11163
18171
22819
15585
59625
62045
38394
53294
70719
62471
28600
22410
30509
48898
9940
66619
62206
9243
31819
28276
40099
69814
37573
52860
56896
29808
50724
28561
34455
22016
31793
61305
61242
57344
22439
69627
8031
38302
72795
23119
9341
35635
11930
27321
19143
59683
14609
26770
39978
8400
54701
30469
30798
36974
36802
45177
66330
49379
17365
54317
31640
40243
24520
38842
18232
24793
41404
54890
101
7033
37632
25071
31263
71702
17842
65788
34394
3833
46036
61681
3161
32329
7156
20832
15643
58238
25825
15389
9740
15679
69747
61359
31616
2250
20257
3567
704
33268
47082
371
11232
9983
71826
53321
53410
17217
7018
64994
40955
17143
139
45738
54798
36173
5618
47351
15249
20313
19695
36186
33179
41663
70789
44
38122
18237
33150
67076
3283
54264
23333
2266
51542
30152
61861
31957
72163
29373
59407
39750
56323
11561
52582
45468
7962
21678
9001
62862
9009
23655
1897
60740
12124
54726
67682
57952
11674
32925
17935
50632
58048
27901
17406
36682
44754
44163
10328
49363
9219
60813
10714
44834
39186
41198
15394
39820
48367
29594
11138
36272
21974
32752
6737
49835
44513
29257
71740
71854
20245
39743
21460
30444
42329
67919
35743
1890
39141
63561
524
48782
35273
66964
39089
19458
37527
20898
21787
41987
41736
12058
19795
38598
24565
31269
57469
42767
52865
12615
72462
45922
60171
7516
16244
26089
45530
55592
59020
10579
5035
13231
29813
3009
29184
54815
70527
13679
67156
41110
33897
59442
16258
35840
43725
16638
14360
33944
3977
68774
70237
29530
66583
59905
72357
45765
63591
28611
15872
45678
47926
62714
52484
51516
37946
12991
55791
60454
54484
43435
58312
50355
18513
52753
38653
2663
20995
42983
53253
27666
49040
64279
17005
46
3547
5283
11555
20993
38828
59157
53747
58089
9402
66339
45368
37198
56737
55832
24783
60024
29480
60222
16646
13879
32358
49116
30884
63083
38345
33943
38464
58334
27662
5655
12379
19092
66094
9751
65904
13266
34204
40744
62256
47780
18227
31971
61931
3904
1710
35430
17951
35910
51804
50259
69189
47785
18252
55787
348
58759
11702
46710
56534
43099
26918
33045
48011
47362
5573
6728
53325
64228
43386
65965
1356
17584
36470
54392
66332
31287
27156
7168
65359
1861
67248
70873
20734
54067
2187
52052
45178
13119
40930
22374
9476
52398
39149
24128
73055
19077
33271
33411
65418
44599
19814
71989
52218
22795
7691
3598
13217
27522
55196
51654
49738
42656
5351
46372
42145
38028
27890
33489
64133
1899
10007
37973
53521
58399
11519
66683
12120
2520
10219
62049
37538
21404
2570
55441
23544
22802
33419
9904
29882
25276
32413
54280
70335
56039
16443
72001
47850
47883
5105
29517
45352
48738
1146
13740
43632
71696
1764
22331
28992
11861
29908
8627
54007
49550
36322
66401
5673
21668
50324
9080
45758
6444
51881
11051
42686
2772
68402
19435
30179
8408
49181
72847
62215
18856
60853
58335
19968
34710
17394
53697
61323
65383
38468
30263
13477
23311
63359
30272
48336
17360
18771
72224
27342
11075
23940
58939
69837
41
9018
69414
35262
33345
34872
3914
9096
64146
1585
31602
12507
18202
29781
22214
53596
58261
37228
47104
9561
43776
52502
55757
43261
13381
8721
62297
48601
34919
19127
31949
26229
65815
45951
70801
73241
31011
3512
2553
946
67067
29003
8198
69540
33776
34281
57496
68773
31062
5386
26916
72571
54215
15231
27986
62601
6091
41201
44108
30361
61235
24826
27346
33754
55843
51148
47096
13402
44646
39787
18609
54584
5672
25327
50078
40806
3434
26032
8766
33298
10556
19951
14017
46049
1636
38623
55143
43723
13566
55249
26719
52162
30447
28919
42823
45436
49342
73086
6383
18004
55004
38111
22355
26950
16383
24348
32434
15738
20367
57895
27062
57014
3002
19843
25544
44027
16985
26384
58810
14028
61159
71433
18430
26830
54992
32273
2378
48323
22042
6752
43570
18421
40514
52846
41128
23527
40884
55872
55156
51549
11070
13819
9187
1313
8856
1202
26347
41979
47244
70817
29835
43589
37183
69603
42021
27847
8274
17198
61589
26328
23230
5090
5859
53320
7224
72681
46767
26933
47254
69552
14696
62910
65730
53187
31260
1472
62702
16007
37686
70093
38238
39053
32023
52361
67455
72164
14620
2515
50241
22038
63888
42074
36484
49715
32497
46262
15186
49899
31867
35605
37494
66979
63293
40488
60770
42472
72905
52321
32106
70839
59267
25736
20670
45431
23836
28692
53808
18368
15240
62604
54270
55720
52887
68136
49936
36712
27897
45620
32540
47812
68439
55203
5737
21497
27761
48065
72479
7378
1990
22208
62603
11134
27711
103
23845
20298
64913
19098
69546
38467
63952
28841
1024
70832
69066
1766
2325
63836
33510
25822
41629
38692
37934
9471
61211
45494
12546
2739
18902
1589
62340
29471
37773
23062
40809
21774
34494
20208
19553
51819
69215
62118
52851
43186
61660
65762
24923
346
5936
45899
63473
68028
68139
68196
14792
52468
9142
44161
35580
66424
65676
64974
20698
6654
36449
15068
34193
69100
29656
50765
50406
63906
35515
29030
67936
8465
48064
17420
11672
53430
58706
42838
63867
46930
44338
70598
17343
63819
44128
13752
71921
69095
12264
61403
12081
20344
50460
31755
71944
10754
71711
44866
28352
29878
11988
66696
38019
53105
56192
8075
940
4574
63865
1625
15087
43209
40912
50411
2960
33801
66315
15256
9132
41530
67739
60793
24782
5414
23128
3067
5232
62785
42272
14487
58858
32021
43065
42840
57269
5972
46728
56847
15743
58899
13838
67761
22885
61784
18441
9631
60518
49209
31128
28867
27311
23431
42683
66810
5900
55656
8095
1273
68512
30523
16899
15728
54012
14889
12600
35361
811
34361
16077
35124
62044
7116
9630
39664
22338
27219
48222
35261
73178
51679
50309
56991
55946
9455
9099
33501
47043
40763
43018
57802
51207
58896
45504
55199
8435
23384
15968
69182
42719
54466
33343
16329
8124
15869
17047
3917
40929
69229
60586
12741
71255
7811
55763
28616
32288
37328
71423
50886
42944
63319
33969
71759
66496
49937
54539
36656
24952
53472
4250
40792
38953
36473
54534
880
26748
61502
8742
50683
12136
39101
46673
66224
26128
58222
2771
55209
54115
12225
4640
61028
38049
4549
38855
19449
36346
28702
51807
51445
44861
185
69509
25326
70179
70181
50900
36598
17538
5089
51228
55878
70543
18035
41031
30990
62212
51501
22898
3177
48660
66673
64282
71869
18746
65540
47319
33456
62046
34862
46077
60880
67241
15986
45988
41704
25461
39142
40534
31721
25799
22674
27316
25930
57046
62939
39536
48794
25519
64214
36041
66805
67789
16175
34244
26109
15979
27537
58725
18729
57049
63926
12610
47886
51185
22101
19624
64318
37998
64824
26713
9999
57634
52732
22560
31604
41513
29211
54504
21802
37521
43449
33497
2323
5049
20693
21193
64731
17880
59556
49056
9105
26848
53362
51828
44907
33386
72272
6253
12632
6623
35593
17437
28507
65890
59692
47006
32908
58547
44434
51348
39959
23567
72520
10113
9017
67187
10272
53911
2076
70652
62537
54623
35180
63928
10693
60304
25246
2297
4733
10668
33220
10292
63000
14064
61643
65468
56467
21286
29697
31727
17335
19817
63213
24214
15129
14297
24494
27670
52661
32341
65981
28941
22069
8886
15073
71221
43489
19666
21439
63067
2040
37253
57237
72737
13861
28895
9153
66154
29870
64211
23573
539
15951
61837
72433
455
44773
14010
16112
51613
57282
4729
53612
33875
23529
71782
18867
48915
33583
71240
47380
24892
69610
68276
29442
72420
20328
11146
37091
52143
29072
37377
57319
63061
30288
23254
30638
59026
41773
7559
18976
40013
12491
63175
69912
10628
55006
15420
49359
15999
45149
28017
57020
21061
19194
7861
28426
47220
34774
40051
54507
5877
41568
40924
58652
13827
57643
61005
16670
70364
3955
32529
66031
47487
54949
61627
44518
22547
50106
21955
9832
10930
56963
13384
53961
72262
49930
70102
18312
3614
21737
25005
64124
40273
43422
8052
22818
55858
21387
23299
52248
10253
20634
11099
54624
14312
64727
21065
58702
61790
55313
68482
66384
46252
64344
42094
68797
28065
72127
50368
68658
67429
64580
3398
37184
41762
25493
3879
24553
52884
26516
62038
26154
767
17765
29049
54301
56405
11275
72141
33830
35327
46843
39884
36122
10921
73095
15363
59284
44624
72910
10878
28356
16929
49049
29423
2185
57922
34584
17809
61967
44587
18088
14422
60860
38889
38830
9140
43388
23900
24847
35864
62406
50930
45412
47119
3971
17690
52936
9374
35094
19264
63041
23498
71835
58400
42335
19314
69777
18499
68279
51586
32500
26111
14515
19495
17272
53013
64301
50927
22435
4258
36336
56189
68349
10416
44201
12495
12879
59023
30132
62313
4828
3430
70199
10647
55600
31774
69855
31384
67077
45215
20167
29158
15144
69271
62019
19846
59365
29889
1551
27801
17780
71661
17908
19207
70503
22157
8019
13475
34222
11962
33048
55798
68854
31503
68978
50327
4633
9037
17561
54057
6804
42000
40387
31090
48884
46727
2701
35973
29616
26222
10973
70633
30333
62578
26251
54227
38759
1264
30670
50503
68973
62186
65537
16049
40253
67782
63934
46473
24859
36190
11824
53322
33051
29093
32068
37310
10356
44450
18036
53861
3137
46205
53616
6080
34887
61108
55848
72753
67731
62010
24209
19929
787
32723
13628
46006
31391
24578
57893
56302
32483
61731
48317
16474
72514
59435
32900
21280
1814
25657
41088
32050
13905
3560
52325
37616
39034
23968
40107
49150
15801
15335
30604
43205
56458
21566
42866
51350
52344
49140
43942
69637
13473
10829
66542
54217
16285
12028
62836
57350
29147
46991
12104
50661
6620
35962
71637
21110
36680
34070
63054
66598
40896
19
17981
210
11542
41139
40963
54182
24670
29812
44985
68081
54974
32026
65367
21207
53843
47866
1721
13198
502
13631
40015
37988
65266
14389
60028
36660
11383
13108
35189
7039
30136
14069
20363
53261
20450
20489
55562
31484
20740
52837
67983
3232
66903
45362
1903
15202
12833
37594
10151
45668
25767
31342
45897
28331
55225
70877
60464
66839
23247
51151
873
70148
50533
71844
28783
34607
41994
61423
38157
56582
55765
31028
41679
33474
20314
23241
27207
55141
39204
2796
44756
56752
34957
30293
2585
12974
54784
22784
24570
46539
71793
40240
65844
16492
3737
58719
49653
55736
44408
1373
24549
67580
25233
8068
58558
16362
10807
62165
66098
48449
72973
34184
25666
9513
51370
2726
65245
57028
41502
322
35859
50209
53715
61546
34678
7509
4292
10626
41918
45419
49366
45641
28659
34587
57890
47876
66096
104
52244
35159
57933
19164
47620
51765
47134
69898
71628
36773
56110
44548
37021
50197
69836
21038
41938
4102
51011
52783
37671
8630
28087
42180
28590
48431
3200
43320
19269
22580
63767
8983
12630
21756
4175
28329
22009
1367
67034
55594
54861
22084
36404
51089
56071
39360
68311
5047
19607
61122
19409
13427
14657
60581
35692
38393
37974
50249
4191
33309
42253
58887
8850
7856
36917
27383
58078
39003
70492
25477
48506
8872
53929
5502
5766
11593
47507
883
36973
38921
7622
163
4359
5794
19261
20953
60019
10461
17204
2524
72260
16749
12852
9910
8564
14538
24960
12696
62379
55101
10333
14513
56871
64348
20815
69493
12876
17101
48033
53818
65948
16091
10399
65119
4646
71053
30857
11977
48526
47909
68008
41183
72382
70227
50431
38722
30124
72932
18860
52028
46900
35789
45202
64883
48115
2694
1060
167
17740
31992
25981
16989
22919
62733
61920
15534
34462
32408
17149
5549
21296
45002
41102
24726
12022
64410
63462
17894
31267
40618
23256
30234
45184
51418
12981
34410
49755
71938
45920
42256
28691
50670
4477
53726
69022
33786
19600
32615
6324
33357
10210
42701
53300
1019
33241
22029
31494
47578
67447
14328
21171
63817
24597
73099
9532
52352
35957
32059
622
3920
19508
41906
21268
51923
29068
70538
24451
4143
69872
58044
70229
57475
42691
44400
47083
14726
2202
53494
46763
22916
61322
28255
49444
1988
23086
63322
53035
50414
19897
19016
54509
48853
56687
26793
31433
8328
19434
73250
299
37841
22719
12585
19047
31070
21681
51288
31832
67190
53732
40546
69272
53977
62809
59216
14973
31184
39857
31899
31378
35913
48322
66309
3088
64162
66294
64430
25164
53799
34110
52169
4757
2783
53141
71728
10961
34968
3368
3847
63143
50140
68563
44788
70561
60278
67464
56704
71741
60758
22777
3303
45836
26060
38840
54753
8702
27341
12419
20486
57901
15910
39922
56025
19058
62554
31365
62917
43672
67575
27840
6044
46355
65747
32864
50652
68785
12200
16078
64751
17293
17992
8436
43437
23949
5934
3591
62751
60175
10116
67430
6693
17211
59600
72543
16805
32108
10423
38063
45917
16178
59759
47753
5773
41945
13017
12757
13926
38709
38891
47101
22218
911
60774
52025
51934
26588
11586
53454
33260
62262
54893
54529
25457
53946
23626
9263
59397
40801
46589
36635
57486
43974
30618
19936
58862
15699
27323
63794
19054
12356
68965
40258
21449
11180
39947
20064
45889
14648
14268
48544
40820
41709
39042
42496
197
23233
22953
20986
72007
19543
60840
29958
10208
67440
32262
13313
6720
11374
50244
59209
61998
17473
17470
7604
14298
18696
14970
51896
11956
35413
10514
12635
