66288
21824
14681
33359
35925
52154
2227
60289
44369
36360
51829
72208
32451
65099
2559
52673
1793
52719
42585
55309
41983
25589
5175
49451
56705
19052
31043
15577
11049
35575
57566
32898
9041
44722
41767
4593
66206
2442
32889
27195
4730
54499
40096
28931
31422
20470
5799
19933
57196
69259
24516
57376
2125
24384
67698
60459
12439
72295
33705
4540
15013
67056
15334
22714
4158
49822
71323
20092
26321
20216
27741
58613
61287
51103
25559
39706
44043
50169
17248
61623
72113
14914
37890
51564
16384
56762
17528
66672
39328
37725
35292
61141
6117
38629
40532
22892
1878
60930
18405
23364
70979
17183
15253
36913
59883
55057
25290
2858
53126
46997
45083
11453
226
15852
17728
41874
29431
48370
9971
5869
12195
11433
6629
54003
9429
54967
31881
12636
35461
66595
52827
44455
53621
2246
21437
72595
58318
33727
50668
39333
3389
68319
67885
9960
10917
66140
29694
62694
28887
34888
61823
58588
59555
39322
57338
10004
55735
34613
29684
2240
6960
30186
67733
10517
26096
20456
45843
29887
23979
45212
70716
39616
15722
33990
44066
64262
27806
15058
34860
57116
25456
46632
68148
60141
42708
61706
27631
6195
73162
26665
16590
51387
34385
19899
17905
37230
13264
12545
25143
53200
60932
66614
22873
36284
2074
45334
60396
4506
48847
9817
59437
12454
55954
48251
50806
68106
46755
22425
65891
58231
16625
58414
63927
43471
20550
9453
12654
48742
17614
31139
56790
59575
59352
50850
7863
40643
66529
30232
5987
19780
12001
27716
27745
55934
2959
54288
49166
19346
42007
24540
44551
46294
72960
62456
69914
41264
2753
65081
58135
23620
30501
19030
45708
29869
4077
26559
67989
20705
63991
43851
4473
38075
11655
68232
47347
72065
26035
45321
51330
24043
8342
60430
42515
71252
10063
41761
47127
69378
9807
72875
9400
28880
37083
19144
15190
2309
30253
15028
34499
21428
13700
69024
51106
70581
48396
25040
52629
4582
70519
17692
8777
47704
70134
66648
6627
28013
53564
72195
44312
4845
53205
36106
51555
49034
48679
30156
12021
49395
38526
44046
14406
42685
55857
17953
4799
69177
22433
3929
61312
16696
67595
6107
72886
24577
44577
1530
3654
34761
65424
46146
8746
55689
2042
12887
57481
30406
26228
56842
3503
70386
44473
21892
18889
62349
7494
37805
55359
2986
58173
28540
11133
32948
54131
20009
17002
22289
12030
11284
56997
45929
61904
35540
21471
31923
71647
27772
11110
15962
41352
54100
48779
25819
51792
44395
37778
30881
60967
19129
37602
30398
39987
47426
51192
68583
58405
68429
25826
51378
25337
63127
15122
22301
64313
47384
29136
72133
57215
17245
30952
68543
37776
225
21869
70720
29972
47621
20854
52686
70025
69735
24333
4433
28546
42605
12181
1169
39209
82
43067
70613
25240
44384
23561
45386
38300
26520
57869
67633
10691
19896
54327
18079
45905
16812
51144
21827
29585
30428
17494
65840
45586
7946
18618
24712
26815
38904
58314
22321
20840
61268
14252
52259
10467
54195
58564
61299
3962
59879
18782
47499
4022
50936
32776
14806
63255
1476
72580
56349
52839
69660
25508
57815
71650
23773
47062
29024
47794
16792
27865
58283
47631
48241
54880
39192
59695
26776
49463
46031
39161
12033
1867
15385
35450
28675
41659
68723
63813
2604
56077
34725
33713
20193
58940
18705
50764
24067
39722
19096
53991
38680
23558
57876
11637
63578
6319
58974
27824
20459
43885
26703
57785
31123
567
4193
20436
30850
16320
38177
14358
42831
4829
61003
23057
56641
61556
55337
13332
6789
29008
5267
65094
56227
35869
18168
16257
5130
5373
24992
48975
66722
8015
9903
27465
37311
59634
64561
29804
38802
54239
6181
40412
5797
2611
52700
4595
26669
33997
48074
51447
61421
57310
50415
10635
26276
72803
40410
28029
9475
50090
2655
34419
15021
43525
3150
1578
70909
14300
26841
50201
50056
16084
41307
38932
25478
44789
7767
5653
37304
70753
9969
52893
60553
71156
44141
38247
4635
67517
1481
19975
51054
22530
58224
34348
15185
8001
32810
36552
57619
64630
191
68505
21969
17472
66060
19586
24654
48416
56808
21830
30837
38916
16925
49413
12147
24977
72815
2079
31145
57771
38761
39172
63546
1994
38858
29620
41115
60730
73164
8431
26201
26543
10207
52343
9723
37052
72873
29532
33204
69989
10027
55764
44915
16247
51216
42780
20859
51965
45546
32285
63217
60320
54080
4922
62381
67270
12816
38599
22722
52970
23360
7464
58116
26617
24814
61038
23012
23978
32666
51703
24530
67114
45712
11119
54256
68416
51633
57668
3919
11657
52215
51772
42897
36325
66169
17315
36146
52919
40332
368
3714
30616
69173
5290
42064
35985
34931
29929
42754
25499
47016
7444
42176
23863
36358
1623
11043
40667
24606
14074
50251
52948
71149
40174
40967
7155
61580
40789
12808
14959
63409
48574
41843
12411
44058
68490
24642
12990
57628
34221
37550
38044
17578
23488
18326
58341
10752
18116
23346
30289
38650
21206
25976
48347
2954
60347
64130
66932
54673
19376
44320
62876
52129
4907
63536
55703
66541
24230
38890
51042
64618
43891
10487
14785
63386
16868
11770
24618
37546
54971
10748
68657
53983
36839
41905
46864
45864
4569
25187
31990
1620
65355
20620
42181
47576
25068
50437
59711
61165
44779
22954
39022
52730
21187
26172
14504
999
1432
23023
20128
6649
26746
27948
36027
25630
3518
26964
59434
14867
39566
67810
21710
11849
14845
21941
4153
11511
259
10597
66492
68306
8171
60806
9226
63983
26227
73219
42609
35380
63881
13125
50546
65975
7929
25027
11550
35949
11789
41332
45293
45233
35532
31447
10588
7184
41853
15314
68714
13079
58065
33483
47566
5466
64022
37093
25831
67052
28539
14320
25381
70021
35702
45847
36383
61986
7411
31130
42966
61599
17224
34790
62342
66649
41052
15675
55531
7234
54049
8735
53931
46012
42979
6813
36595
33605
60305
52382
58272
22561
3190
5942
69032
12758
55274
11330
73172
28142
57945
10373
14629
6708
16593
29503
23814
42976
68527
29537
66922
30608
9362
72281
53392
50402
26426
17814
52782
49549
52403
55497
65449
18547
8366
8810
63094
1708
49430
44241
20281
64406
6650
9877
32449
29111
5253
43402
3630
4445
31186
23777
52389
2808
68413
67439
34288
63570
21275
59414
66388
4496
51242
31583
56748
17443
16454
69853
5421
26417
18152
57061
57511
10825
33130
62630
45360
8230
6928
23691
20891
34597
45560
53556
3763
5981
66633
44803
7377
1773
43155
394
33442
30495
47245
42606
54879
16809
38490
15825
33035
25446
40028
12375
8039
20896
15906
12668
34441
70973
32487
21684
18149
46172
40616
26185
70267
10838
59772
53029
8532
64170
9701
47276
62687
61543
72651
47164
7359
1134
49300
46546
9942
45508
69217
39567
13666
9423
19720
39935
53587
21847
66065
34350
37857
54238
41455
45071
15525
13553
40305
12
12656
42186
29734
61105
54577
70980
14534
45692
21265
12975
68282
49009
64918
7356
3566
452
23989
43485
32947
29426
40492
21473
38767
61616
49265
58092
68227
71177
39220
7862
52101
72025
2642
49262
32765
214
16613
64393
2659
1796
62069
56593
38939
54199
70923
56747
67450
58037
20048
42365
35828
59404
64094
35225
45659
67657
72623
23555
28832
61399
66242
57766
24682
41147
5399
48101
57051
25922
24965
44287
37850
33627
39019
71358
15027
4063
69379
62351
61272
65627
49604
11081
1319
54560
47283
17085
43163
48152
3781
45285
2857
25330
13308
1283
70880
29451
39735
41814
50219
24205
17127
6177
38333
72509
50526
41941
23482
19000
41021
72874
9291
14643
37997
427
12703
47952
60870
40321
23911
51890
4358
57773
61372
25414
63349
68034
33410
68110
59624
25097
53081
36308
32142
67221
67488
28194
47961
1790
20857
3331
36501
63613
55296
39659
24299
56881
18332
29240
47261
63581
23957
54254
30631
4727
41298
17521
25213
56235
38092
13132
7470
55955
70810
300
11184
61015
45317
25671
26847
47036
65109
35777
54884
31995
3575
73115
29595
68248
61757
67321
65098
47574
59800
47914
30844
18953
36965
13179
60403
50870
45799
10283
10145
6861
4701
22073
50416
27938
40962
20183
60915
29696
28636
19775
59547
31091
36433
69867
10336
64173
44333
62334
58447
38313
61945
26636
23029
50672
44331
38023
64135
12993
54476
32411
52465
56352
25392
31717
51958
23832
40085
34026
21441
71602
47967
27259
28996
38010
706
12090
42958
69690
18634
6234
65257
38003
70800
41460
32647
42384
1672
56958
1135
20099
39200
29080
23693
70506
55960
40039
20969
3669
10288
52725
49647
22298
19258
53117
59227
49542
47922
9113
6340
64961
37234
9165
13846
35209
56894
36991
28388
9229
69048
69062
70582
12469
70514
16200
10165
65947
32788
61888
49577
32228
21412
71380
63405
20081
49909
59084
6043
531
70967
72594
72134
40502
6323
59943
36402
52481
10139
47516
24329
47056
6862
23388
43329
894
33868
49319
8589
7988
67491
19984
69315
24608
39030
28374
45430
34883
22146
27557
56717
49375
40940
70382
52036
9774
36726
40778
37512
46516
44792
71218
22024
2767
41738
18828
60127
53280
15957
40975
5858
18219
5431
47447
64329
73138
72419
70958
70761
52477
10671
24546
56331
31741
1938
19539
52759
38522
36508
61153
9786
41863
63474
31596
13088
20804
7854
17834
21354
18461
37951
31914
64144
11238
26381
33262
21759
2425
29956
6841
10669
31680
34912
37713
1265
48582
42923
33534
39710
33950
42106
31058
43404
13847
9512
30060
43409
51150
58006
52323
3282
58221
47217
3918
72701
14176
44337
72837
33103
63897
14738
7915
22170
16958
54318
61875
16973
6700
34102
58356
17415
26700
14230
40196
44703
60640
32378
69294
49683
59191
70067
67679
40523
8333
71446
65605
34600
45028
17868
22144
35439
47732
69109
68023
38854
18015
48933
69249
48674
29523
68661
50081
56275
31431
71150
43752
55279
46732
71912
37264
66289
2135
28265
33956
26587
6137
61271
55737
22408
35167
67296
43252
34813
16338
52317
69370
20280
6915
31015
64911
38848
33584
70577
65560
51814
44554
71267
24803
7555
4035
32785
70868
48366
36528
4058
26302
64264
1597
57299
35705
51528
45427
1559
27939
71810
68022
66549
30190
15387
7343
36299
67230
62288
42207
58256
64566
35073
61274
23858
8401
58322
22155
386
62385
40846
59887
42049
47241
13097
13540
66159
11920
31913
20753
31758
51424
53368
43346
4548
52685
45633
27822
72729
7293
5827
2354
17419
18995
68691
59976
32427
31485
42658
55107
61283
71204
55047
19214
25157
43104
37884
57523
29081
65029
67197
21084
4464
21375
36334
43796
24278
52736
69626
8413
17931
48508
56505
46435
14915
36343
47633
41644
46541
40540
41033
30077
3950
66298
731
64718
33479
46359
42633
6578
6666
27353
41404
68590
5641
5667
72432
28583
70654
60102
21987
12156
10379
12647
17531
15364
11501
33858
35282
26613
10451
57407
42902
46621
49252
42083
33515
20838
26454
46688
32773
6213
32748
22636
1843
47575
40442
35193
41068
22016
38870
57524
35331
37008
53137
68046
54041
52522
40151
15590
859
56172
5847
48969
12426
15143
19328
11370
26515
20704
7113
39552
37601
16270
72034
20736
16414
36919
59003
5938
57898
61099
46123
34893
66353
22604
30369
36673
61508
67581
65856
67630
15606
56913
58609
21809
46817
15792
67151
8060
51621
55538
36246
14638
6713
57300
61095
5222
64283
9862
3025
57387
72364
37648
31102
2018
22417
46258
57150
40724
59424
30423
43184
49645
34632
38147
10936
51287
24099
62420
72333
56374
56483
59145
70481
56364
34891
9166
41072
59271
39949
61390
33342
27101
27964
45104
73190
17046
55709
70116
42102
54362
3858
5202
25185
35613
68801
36634
41963
66835
72849
14043
41391
44642
63107
51746
37422
14791
56955
41292
59308
51108
47314
52044
32716
70575
67824
67985
58546
52551
17244
39532
42008
42986
30917
50107
9204
68015
9320
1113
22203
44439
39233
16603
36741
38560
59340
44936
48240
1693
47605
49247
62538
54216
71697
35767
53640
2457
72608
56397
39767
4602
4300
54996
45372
12202
16072
73074
18592
23173
11690
2212
66645
36082
29002
37981
60970
44661
49035
4539
8730
22344
9855
25309
42659
25550
65632
30219
28567
21503
53655
63256
72642
37100
68075
20643
65101
48888
35112
12519
28864
13152
28536
68493
61339
27014
31862
9039
36323
40078
30985
13617
7354
36828
42722
45418
28606
17280
42782
39283
38553
4308
47065
3895
44959
66942
4963
60827
59580
62413
42114
47071
40986
69587
25165
26053
12569
27739
3542
56211
13239
33552
15828
53257
34970
61205
44226
21565
59258
46020
22605
27368
3409
23444
60008
6281
47014
22397
23559
9240
27681
4304
6724
60835
65510
52341
70886
30456
55069
30804
16975
65873
2681
65882
631
20503
59081
39490
58004
7860
58308
54843
9383
66151
70620
50950
34705
72489
36
62980
28899
8180
71543
2316
29832
20616
43386
5792
54652
27564
54803
4315
71275
58545
34406
41564
62882
32373
52731
19520
10866
27203
54755
13890
39298
53877
41510
9904
7759
65569
44364
53920
5853
69732
373
36287
28992
68252
16504
9740
53731
53047
59519
16243
2333
17332
46862
72671
53557
23932
24562
68446
3017
45535
60252
38632
68185
50022
3192
29121
40848
72427
70936
51902
5079
19046
54670
66088
32263
21480
30826
42157
29192
65587
62855
2250
62844
16813
29908
45332
11455
41146
63281
35662
43344
26457
51270
58961
2670
40464
33282
20652
67848
68633
35277
53680
58571
33280
70453
37946
58146
70730
39010
21081
4388
32493
28166
72224
16014
70420
729
29605
113
2197
41620
17459
1722
23469
38702
12599
12120
69465
3062
72452
38134
69340
51276
53226
66019
8795
58791
8708
56614
67280
48983
72805
24347
69476
68031
33071
55902
18227
8117
70489
67333
40788
50277
45120
35306
71924
47320
20958
53159
60085
4641
61275
49821
21936
1809
5844
63566
8336
53597
14880
61598
34561
33935
45623
37169
17876
39206
63008
52107
28595
19920
16519
2570
70772
72538
30301
58368
36371
44172
17743
30389
23054
24297
38535
19910
20441
72467
58208
20902
15153
62001
52241
65768
1906
37303
66061
43898
11617
69592
21492
66215
14790
36241
10239
18688
16316
8828
35636
66341
44968
65299
10802
13238
29517
21795
56566
26249
38542
24841
24844
4190
63124
39894
30337
59280
62622
45678
7267
64548
46372
21304
55832
5577
36931
10043
12555
20967
38097
64463
48158
4744
62639
52139
50682
21343
69700
19653
41350
40124
21873
6345
35726
69092
59407
28993
25207
10621
43717
5417
1606
38928
28217
23656
59148
22119
29257
23261
70271
72539
30165
11905
48150
71250
62179
30244
70208
69125
65488
29687
10245
4459
46283
56945
65757
14372
9347
16786
70539
10330
270
19131
33271
27123
45123
67774
60222
30296
71544
24089
46135
10951
38691
35586
2399
72847
16340
17979
31416
41604
5214
71668
45400
68266
70534
9268
34460
46971
69202
22043
50833
62864
15249
36102
65425
16189
49078
37429
63589
43957
29313
1483
54457
43420
63187
5005
43403
3834
50323
13881
16646
4708
2395
66189
37070
8041
52762
23333
62354
68613
30015
67676
49892
31965
53998
18855
19282
68894
32914
25454
51477
16735
22036
64661
23017
72168
70707
57271
683
1161
14002
32599
49596
8174
43689
16562
68074
4705
57778
25647
9854
15361
41349
56766
55598
4019
9872
2059
20670
35652
70657
24773
63505
63599
8075
16500
65934
27291
51840
869
12864
34903
45112
20662
30953
31159
16947
6890
45036
27711
10911
20560
43760
34800
52301
43723
52677
70604
19875
11639
47625
19893
51573
4874
51178
22352
28504
26328
52457
39851
29635
72440
29167
13493
72495
28480
65387
1137
47458
67907
53287
66192
66413
43415
55611
47959
47553
32956
20865
50686
46233
7692
57837
38637
48077
2299
45442
60717
20698
43480
2643
28763
63456
38249
11755
13410
64878
62094
45952
37758
39423
1084
59341
29303
67801
19211
37216
57264
31486
31669
21909
52448
39676
48747
44300
12659
3006
47581
26679
68331
15333
58462
44306
51716
50696
46091
62724
6010
7562
62503
3470
50105
48860
13431
63564
1043
65529
24382
3184
46535
67592
18307
6134
30057
71096
25887
20264
62785
70512
14420
42128
69786
43813
41390
2173
21228
28829
8296
65676
9085
47244
50132
69500
62609
35018
6218
971
15531
30062
58170
27656
38924
53766
62601
29981
67250
55720
59578
42208
46761
44067
33893
35699
67287
10300
43227
52424
10519
52040
55862
53054
47854
44143
69693
18898
42425
10810
68980
66658
21819
64052
26384
63877
5630
54705
30107
49426
59334
49023
56424
18342
15430
63622
56269
38700
14942
48256
57540
4866
20820
61174
12719
48448
1212
18201
34509
57574
28913
351
16348
48838
14913
3514
69821
3418
6670
39268
29495
54587
5098
4046
50362
25822
50975
71227
25984
1282
15871
46085
23240
7005
4238
39445
60308
51886
59770
66643
33362
4577
45225
28281
60277
44963
24259
67583
41235
38933
66347
54296
31653
18622
6935
50575
51080
16784
70373
60678
45350
26315
48081
5574
18155
65924
65809
50599
41873
36056
57593
35485
13470
37702
19819
31466
5435
27534
56451
35606
3896
16907
13381
42739
36326
57163
31699
37505
8017
29499
62930
14655
56393
67545
10803
46437
37385
6811
9467
64311
1811
13865
31615
51392
71022
11645
53227
27578
50454
66763
26719
8841
43684
7077
42950
13908
1313
41067
30787
48821
9886
51203
2515
5349
68871
21467
42761
21325
65381
71058
29500
15235
15612
70251
43866
64386
10432
33692
44338
35270
48374
41911
61843
46767
46770
42840
32316
6433
12277
59138
11273
17640
35536
2847
12479
4426
63691
65847
30082
15686
1594
16566
9994
38736
2378
45498
57356
58950
62199
57000
71517
73086
47495
46117
48614
46086
3828
37560
46878
72085
940
6621
12923
54151
23454
63601
29842
25122
40456
6544
45413
54190
30833
60465
72680
6562
21458
54060
19807
40263
68183
27299
37166
18741
2675
32633
19163
38504
31048
29143
16640
61301
57319
47165
31689
42296
11845
37402
22625
52094
1527
16185
32032
14511
38837
33737
35599
27188
38671
32916
9819
3488
70988
63125
50769
52533
47197
45305
54765
49930
18518
17663
68044
65887
20639
48099
28493
9901
28060
52125
41880
60420
33373
42790
10569
7678
15855
40633
19624
46721
20573
19706
25353
51107
64131
52212
59118
36628
25817
60656
68450
4530
68806
17903
44049
12523
13659
2162
350
44902
24238
15975
49107
70252
71617
13120
31482
56692
58219
10429
24034
22400
55086
39363
18944
32939
23573
6208
57694
24435
5535
41584
34
17142
26748
48935
50309
58698
19889
880
56203
49611
31225
68885
60242
50438
7613
16824
72265
37699
50529
43656
22406
51207
28187
40564
19759
16022
71678
15705
6959
47159
26888
23889
48388
2165
52732
17597
52227
25864
24216
21346
65323
37998
52553
41017
51335
15008
58077
27853
68107
67018
67840
44328
51362
31060
31540
7820
8972
8820
26726
70733
30473
2503
41399
3008
49687
22423
69744
41148
63580
6817
44601
11908
72338
5049
32507
50506
72431
29383
43894
16445
52914
72614
5647
11735
37722
47795
45287
13731
35302
72829
11812
30504
14819
66250
22462
67055
48615
13023
30851
51127
53465
17035
36400
31574
37328
18649
16619
47253
22684
67241
47220
66305
51828
65295
12478
70838
62961
28426
58994
61836
5261
51943
57016
16726
18673
17708
34011
28629
59246
11566
35573
14049
40386
54623
22381
71729
14561
69545
51376
36551
20187
40688
49612
64476
10177
40924
52408
10417
29747
27621
54185
42973
21687
69969
4688
34862
58652
19962
21619
32308
31182
49433
72127
47506
1097
8814
28328
56073
44296
56963
23108
21647
12741
44927
28441
38853
514
54960
58607
17260
37822
40170
19193
22113
61502
455
8127
23458
51053
17925
36416
242
21596
53004
16284
19991
32690
54949
42146
69971
64731
65760
5980
61830
6651
4287
18092
10484
26344
43102
24914
41371
6608
55822
58618
27701
46681
13210
35471
45275
23134
29604
8905
4754
7802
60021
1409
27510
2961
40527
22199
59536
70268
38708
65140
28656
59826
7369
64054
50613
24929
40126
48203
48
69317
17938
15273
64404
47031
51291
69182
50261
32382
18932
9538
26167
16223
46944
57868
36478
46813
73183
47277
32156
70435
28248
30198
47965
48927
24284
69206
22085
64288
40087
13906
63024
33994
10959
28945
58920
72350
48118
21862
46446
6277
70032
58758
62979
21937
49536
51885
50810
26799
68453
14838
13725
28533
52035
37471
20052
31478
30250
53013
29265
11870
1532
38655
29224
903
65365
72044
24416
26235
16720
60818
25829
3292
18942
72544
28820
31146
69533
727
63702
30653
65844
27145
63416
4032
25764
42592
70609
6139
67734
14435
56891
54651
2068
21217
59079
41952
72286
49384
25136
62667
41827
21110
49622
51428
63108
29310
66307
40847
64935
3731
62350
53412
41726
39362
140
3248
63230
62038
60647
37161
64806
37063
6801
4003
41444
55379
36543
40747
40240
8065
27980
69903
15789
49019
29394
4087
44122
266
68279
65723
13820
62207
47352
22846
70286
20535
72643
36062
70228
33760
51596
39668
20740
69750
16420
54332
10751
3756
30218
21825
32139
3855
70645
71858
14400
47248
46735
42740
49734
24290
18038
13886
54336
40808
28742
49928
46848
66494
62465
57024
23306
51138
52318
45668
69703
64976
60441
19061
4930
45282
17294
52178
43084
14989
68958
49219
36108
10685
44408
37213
55736
57394
15492
30122
21038
7812
50500
35153
25021
50661
17908
31801
2585
54855
1814
58377
54301
31696
43856
45011
1575
71397
56616
40978
48133
42880
60028
57607
21452
22388
20425
4835
13801
35276
65941
7740
45254
73166
61060
14303
60464
56720
44961
52694
72862
59076
67379
43291
46746
23317
30427
29881
50999
59830
53898
15225
31014
4700
51780
56812
71830
20835
44685
71580
154
63726
56493
52473
9485
64059
37314
70529
70619
49182
28064
66512
459
33514
51110
22869
48013
51123
6972
10829
37174
67217
34587
10963
8519
30823
3800
46087
15110
50547
22608
54642
49707
29452
51603
62165
34828
6186
19764
7231
6855
7008
9378
14966
67289
35190
70889
33210
69014
21775
45749
5519
23067
5221
53249
45524
66149
54833
37365
47179
67416
27002
30802
3773
53634
275
51013
46354
46130
4499
66941
28908
45328
39610
13355
1783
49312
3459
10687
62150
17673
17590
19322
24369
34953
13448
16546
17257
6566
50458
8915
64572
39016
7361
38131
9963
42787
66864
14142
14408
26942
66407
38082
49234
53446
10238
69346
39665
26811
67356
53267
27001
69031
15726
49632
58583
7203
23323
45970
69135
2701
9735
47539
66761
39970
13953
65236
35877
7180
25995
20358
31571
54385
59811
14026
8291
24962
6868
5413
39179
16265
37488
1101
34584
14941
40568
30136
28164
24921
53322
16064
21474
62332
61995
17103
3284
54334
28325
52309
3361
65157
44727
29440
5036
49498
24215
64249
13108
33297
7455
10973
45474
40500
4177
54139
68790
54300
45829
10304
42844
58603
8971
40459
19462
21500
15481
10840
60134
17948
22094
63663
67268
14526
49373
71053
63531
18012
23330
51629
40553
607
27956
72320
5472
3257
10383
67190
11384
43672
33955
41709
43845
48748
50046
15443
11822
11638
23674
72574
59804
19382
4780
42691
59277
1690
6689
23226
22200
25858
18737
63741
55618
68625
55250
16016
38922
69919
60105
21681
71206
18268
30696
36854
34299
68592
43809
57322
27572
23058
46118
56071
16680
11180
4412
29309
23408
38891
43323
15130
10595
65154
68369
66943
52711
53460
43641
70611
58537
42946
65254
31879
65841
31761
46195
5774
19654
7972
1164
48441
5646
11972
58254
47557
47482
7644
29903
39793
22160
5091
37194
37153
54093
11047
66855
13500
17732
68188
16186
53464
70258
31609
62733
54854
32615
35759
28037
51463
61420
56704
42445
47657
46267
53912
19948
50217
47909
16712
29068
33832
11067
58568
6720
10925
9338
17072
19897
72587
30682
30857
15677
73189
32368
8909
13122
19251
21013
11835
8462
38358
29958
12972
27504
9147
2361
51427
50009
29365
12836
14538
21665
22457
53753
22030
35003
15164
72457
65329
10349
16312
10158
69022
14565
54147
36973
68907
15105
53002
18786
34426
27675
49388
36215
68617
7350
9209
19195
306
31465
11877
7424
67493
71125
40379
57266
32249
3946
58862
53830
52149
30925
41860
29648
45927
47505
37841
64410
64757
12192
38116
66392
6514
46704
49485
12817
28399
50074
51550
69580
72833
46661
21953
299
66522
5062
52886
41257
24980
68616
11427
46694
73050
63658
36264
18543
23290
18606
33198
47318
51803
26170
41870
8518
6777
60400
2061
14284
44264
27951
65662
27702
22704
31494
34517
70875
30332
26793
21211
18291
59572
56018
43980
10927
30731
65976
57984
42661
9757
32208
58455
6907
6044
25491
25503
2694
51190
24122
62403
55424
15123
13854
9532
47132
12127
36163
37044
34978
59488
72008
25235
14977
70747
24162
39849
8025
70066
15096
56433
52308
60447
45181
3070
13055
7488
57833
64705
34415
14879
70551
9714
21726
26234
22857
35892
37700
37424
15582
48514
43923
60657
67138
45017
28594
14131
18098
13907
45920
47797
29898
71937
39944
19259
33653
28349
20578
3217
72344
68322
18911
40875
28049
47334
20977
56237
32582
19290
36888
18234
51514
31070
68307
62998
21611
10480
26750
26306
39389
35992
70971
29066
52840
50409
16091
56669
44761
20319
42415
28794
48308
28961
65075
55332
54633
41648
64058
58118
49820
72177
31208
38688
66991
59024
52150
3901
31332
65474
11549
51400
10662
31679
38919
31719
38372
15291
61106
2270
